1413394904.605761 -0.025193 -0.007690 -0.071096 0.990095 0.039704 -0.134671 -0.034505 0.998575 0.040720 0.136096 -0.035670 0.990053
1413394904.655761 -0.007328 0.001070 -0.026646 0.998902 0.017256 -0.043544 -0.016240 0.999590 0.023577 0.043933 -0.022844 0.998773
1413394904.705761 -0.006057 0.001799 -0.027943 0.998896 0.018748 -0.043066 -0.017987 0.999676 0.018001 0.043389 -0.017207 0.998910
1413394904.755760 -0.004896 0.003002 -0.028241 0.998943 0.014067 -0.043757 -0.013453 0.999807 0.014297 0.043950 -0.013693 0.998940
1413394904.805760 -0.003610 0.003340 -0.028203 0.998988 0.013788 -0.042816 -0.013085 0.999775 0.016671 0.043036 -0.016094 0.998944
1413394904.855761 -0.012277 0.009277 -0.141129 0.973606 0.083333 -0.212478 -0.064960 0.993634 0.092039 0.218795 -0.075807 0.972822
1413394904.905761 -0.001422 0.004536 -0.027110 0.998945 0.014910 -0.043436 -0.014120 0.999730 0.018452 0.043699 -0.017819 0.998886
1413394904.955760 -0.000017 0.005012 -0.025898 0.999023 0.013755 -0.042000 -0.012715 0.999608 0.024936 0.042327 -0.024378 0.998806
1413394905.005761 0.000963 0.005146 -0.023923 0.998995 0.017443 -0.041290 -0.016266 0.999457 0.028668 0.041767 -0.027968 0.998736
1413394905.055760 0.001934 0.005329 -0.021290 0.999036 0.019078 -0.039532 -0.017912 0.999400 0.029646 0.040074 -0.028909 0.998778
1413394905.105761 0.014670 0.017602 -0.116560 0.975753 0.092325 -0.198448 -0.066702 0.988984 0.132140 0.208462 -0.115699 0.971163
1413394905.155761 0.002438 0.004088 -0.013949 0.999152 0.020409 -0.035761 -0.019914 0.999701 0.014159 0.036039 -0.013435 0.999260
1413394905.205761 0.002034 0.001103 -0.009531 0.999233 0.022474 -0.032083 -0.022898 0.999654 -0.012916 0.031781 0.013641 0.999402
1413394905.255760 0.001214 -0.000392 -0.005335 0.999334 0.020932 -0.029893 -0.021865 0.999273 -0.031234 0.029218 0.031867 0.999065
1413394905.305760 0.007963 0.004234 -0.030613 0.989046 0.080872 -0.123479 -0.091487 0.992353 -0.082856 0.115834 0.093245 0.988882
1413394905.355761 -0.001395 -0.003725 -0.001320 0.999701 0.008169 -0.023066 -0.009743 0.997573 -0.068937 0.022447 0.069142 0.997354
1413394905.405761 -0.002346 -0.003021 -0.001594 0.999743 0.014611 -0.017320 -0.015862 0.997099 -0.074443 0.016183 0.074698 0.997075
1413394905.455760 -0.007911 -0.006992 -0.007669 0.998118 0.016710 -0.059003 -0.028707 0.977544 -0.208769 0.054189 0.210069 0.976184
1413394905.505761 -0.005573 0.003325 -0.007119 0.999894 0.003055 -0.014265 -0.003870 0.998342 -0.057435 0.014066 0.057484 0.998247
1413394905.555760 -0.006925 0.007874 -0.011520 0.999918 -0.001359 -0.012707 0.000752 0.998863 -0.047666 0.012758 0.047652 0.998783
1413394905.605761 -0.008484 0.014718 -0.016549 0.999846 -0.012512 -0.012281 0.012243 0.999688 -0.021781 0.012550 0.021627 0.999687
1413394905.655761 -0.030324 0.048872 -0.059111 0.998322 -0.032801 -0.047726 0.027711 0.994228 -0.103647 0.050850 0.102151 0.993468
1413394905.705761 -0.009661 0.028464 -0.030123 0.999777 -0.018573 -0.010083 0.019061 0.998536 0.050620 0.009128 -0.050800 0.998667
1413394905.755760 -0.009118 0.031693 -0.036212 0.999945 -0.009798 -0.003869 0.010065 0.997013 0.076575 0.003107 -0.076610 0.997056
1413394905.805760 -0.008971 0.030571 -0.041078 0.999934 -0.011119 -0.002900 0.011324 0.996372 0.084348 0.001952 -0.084375 0.996432
1413394905.855761 -0.036825 0.099174 -0.165198 0.998874 -0.043380 -0.019205 0.047144 0.952878 0.299669 0.005300 -0.300237 0.953850
1413394905.905761 -0.007154 0.023955 -0.043760 0.999988 -0.003941 0.002892 0.003699 0.996834 0.079426 -0.003196 -0.079414 0.996837
1413394905.955760 -0.006457 0.020432 -0.041375 0.999990 -0.000092 0.004372 -0.000227 0.997352 0.072721 -0.004367 -0.072722 0.997343
1413394906.005761 -0.005410 0.017781 -0.036690 0.999929 0.009139 0.007701 -0.009564 0.998325 0.057062 -0.007167 -0.057132 0.998341
1413394906.055760 -0.024932 0.064057 -0.157997 0.999552 0.012295 0.027276 -0.018861 0.966633 0.255471 -0.023225 -0.255871 0.966432
1413394906.105761 -0.004707 0.015008 -0.022109 0.999753 0.019787 0.010156 -0.020104 0.999281 0.032138 -0.009513 -0.032334 0.999432
1413394906.155761 -0.004706 0.016471 -0.014193 0.999488 0.030322 0.010251 -0.030425 0.999486 0.010101 -0.009940 -0.010408 0.999896
1413394906.205761 -0.005982 0.016897 -0.004750 0.999678 0.025230 0.002571 -0.025192 0.999587 -0.013807 -0.002918 0.013738 0.999901
1413394906.255760 -0.020681 0.066961 -0.034345 0.994803 0.098836 0.024476 -0.098297 0.994906 -0.022337 -0.026559 0.019815 0.999451
1413394906.305760 -0.010297 0.013415 0.011128 0.999870 0.012842 -0.009791 -0.013416 0.998049 -0.060977 0.008988 0.061101 0.998091
1413394906.355761 -0.013632 0.009409 0.016492 0.999828 0.008265 -0.016602 -0.009338 0.997801 -0.065615 0.016023 0.065758 0.997707
1413394906.405761 -0.017275 0.005676 0.019158 0.999750 -0.000494 -0.022367 -0.000970 0.997861 -0.065370 0.022351 0.065376 0.997610
1413394906.455760 -0.021101 -0.000102 0.019274 0.999508 -0.010774 -0.029467 0.008630 0.997373 -0.071927 0.030165 0.071637 0.996975
1413394906.505761 -0.024674 -0.003442 0.017194 0.999090 -0.020850 -0.037213 0.018285 0.997518 -0.068002 0.038538 0.067259 0.996991
1413394906.555760 -0.026143 -0.005486 0.014037 0.999340 -0.009136 -0.035168 0.007014 0.998175 -0.059979 0.035651 0.059693 0.997580
1413394906.605761 -0.027117 -0.005650 0.008674 0.999299 -0.009438 -0.036226 0.007760 0.998903 -0.046181 0.036622 0.045868 0.998276
1413394906.655761 -0.027361 -0.004102 0.002664 0.999301 -0.005832 -0.036921 0.005000 0.999733 -0.022578 0.037043 0.022378 0.999063
1413394906.705761 -0.026260 -0.000553 -0.003162 0.999419 0.001989 -0.034032 -0.001726 0.999969 0.007743 0.034046 -0.007679 0.999391
1413394906.755760 -0.024549 0.002336 -0.008757 0.999522 0.004991 -0.030495 -0.003791 0.999222 0.039266 0.030667 -0.039131 0.998763
1413394906.805760 -0.129069 -0.003324 -0.021791 0.985905 -0.005336 -0.167220 0.012364 0.999082 0.041014 0.166848 -0.042503 0.985066
1413394906.855761 -0.021098 0.002138 -0.016509 0.999580 0.005846 -0.028391 -0.003818 0.997470 0.070979 0.028734 -0.070841 0.997074
1413394906.905761 -0.018799 0.000689 -0.016652 0.999713 0.009194 -0.022110 -0.007440 0.996916 0.078126 0.022760 -0.077939 0.996698
1413394906.955760 -0.017048 -0.000331 -0.014457 0.999746 0.008005 -0.021050 -0.006318 0.996855 0.079000 0.021616 -0.078847 0.996652
1413394907.005761 -0.014650 -0.001525 -0.010060 0.999852 0.005711 -0.016245 -0.004575 0.997595 0.069166 0.016601 -0.069082 0.997473
1413394907.055760 -0.081994 -0.009290 -0.063414 0.994600 0.050786 -0.090511 -0.014938 0.933066 0.359394 0.102705 -0.356101 0.928786
1413394907.105761 -0.011632 0.000080 0.004669 0.999855 0.016248 -0.005073 -0.015989 0.998745 0.047455 0.005837 -0.047367 0.998860
1413394907.155761 -0.010676 -0.000123 0.013747 0.999832 0.018205 -0.002142 -0.018173 0.999734 0.014170 0.002399 -0.014128 0.999897
1413394907.205761 -0.010512 -0.004470 0.023625 0.999978 0.005949 -0.002928 -0.006039 0.999478 -0.031753 0.002738 0.031770 0.999491
1413394907.255760 -0.010359 -0.006662 0.032142 0.999943 0.010633 -0.000992 -0.010672 0.998369 -0.056080 0.000395 0.056087 0.998426
1413394907.305760 -0.054162 -0.028748 0.110663 0.998142 0.060045 -0.010323 -0.060779 0.993096 -0.100326 0.004227 0.100767 0.994901
1413394907.355761 -0.011090 -0.015034 0.041464 0.999902 0.013990 0.000951 -0.013848 0.995875 -0.089669 -0.002201 0.089647 0.995971
1413394907.405761 -0.011878 -0.018707 0.042573 0.999428 0.033725 0.002596 -0.033352 0.995332 -0.090560 -0.005638 0.090422 0.995888
1413394907.455760 -0.013891 -0.022070 0.040315 0.998600 0.052749 0.003984 -0.052200 0.994806 -0.087384 -0.008573 0.087054 0.996167
1413394907.505761 -0.059885 -0.093903 0.150533 0.988681 0.148915 -0.018259 -0.146618 0.933208 -0.328065 -0.031815 0.327029 0.944479
1413394907.555760 -0.023390 -0.023075 0.029485 0.998800 0.048758 -0.004643 -0.048949 0.997025 -0.059544 0.001726 0.059699 0.998215
1413394907.605761 -0.029957 -0.019968 0.022713 0.999544 0.026271 -0.014897 -0.026819 0.998923 -0.037873 0.013886 0.038255 0.999172
1413394907.655761 -0.036134 -0.016495 0.015055 0.999712 0.008093 -0.022597 -0.008626 0.999685 -0.023578 0.022399 0.023766 0.999467
1413394907.705761 -0.042115 -0.010950 0.006943 0.999300 -0.019003 -0.032221 0.019425 0.999729 0.012830 0.031968 -0.013447 0.999398
1413394907.755760 -0.180162 -0.082044 0.066401 0.994319 0.013838 -0.105541 -0.021143 0.997433 -0.068414 0.104323 0.070256 0.992059
1413394907.805760 -0.047694 -0.005181 -0.006784 0.998478 -0.043926 -0.033342 0.046248 0.996302 0.072417 0.030037 -0.073849 0.996817
1413394907.855761 -0.047729 -0.008082 -0.011134 0.998766 -0.040886 -0.028181 0.043056 0.995762 0.081270 0.024738 -0.082383 0.996294
1413394907.905761 -0.046124 -0.011335 -0.012890 0.999213 -0.033423 -0.021362 0.035098 0.995887 0.083535 0.018482 -0.084219 0.996276
1413394907.955760 -0.182523 -0.051714 -0.042472 0.985763 -0.129738 -0.106958 0.156138 0.942348 0.295976 0.062392 -0.308462 0.949188
1413394908.005761 -0.041284 -0.017482 -0.008596 0.999847 -0.015796 -0.007554 0.016205 0.998205 0.057647 0.006630 -0.057761 0.998308
1413394908.055760 -0.038878 -0.019461 -0.004387 0.999983 -0.005426 -0.002002 0.005493 0.999354 0.035508 0.001809 -0.035518 0.999367
1413394908.105761 -0.036642 -0.023434 -0.000518 0.999981 -0.006096 0.000268 0.006097 0.999970 -0.004679 -0.000240 0.004680 0.999989
1413394908.155761 -0.150489 -0.087228 -0.012467 0.999513 -0.030344 -0.007212 0.030659 0.998347 0.048611 0.005725 -0.048808 0.998792
1413394908.205761 -0.031936 -0.027536 0.004143 0.999987 0.000837 0.005111 -0.000526 0.998160 -0.060633 -0.005153 0.060630 0.998147
1413394908.255760 -0.029714 -0.028669 0.003932 0.999962 -0.008043 0.003270 0.008249 0.997592 -0.068860 -0.002708 0.068885 0.997621
1413394908.305760 -0.027383 -0.027059 0.002787 0.999983 -0.000870 0.005846 0.001261 0.997733 -0.067287 -0.005774 0.067293 0.997717
1413394908.355761 -0.025245 -0.023773 0.000370 0.999976 0.000100 0.006926 0.000323 0.998132 -0.061098 -0.006919 0.061098 0.998108
1413394908.405761 -0.023370 -0.017905 -0.002535 0.999954 0.005601 0.007839 -0.005195 0.998688 -0.050936 -0.008114 0.050893 0.998671
1413394908.455760 -0.021429 -0.010227 -0.006258 0.999851 0.013808 0.010406 -0.013374 0.999083 -0.040681 -0.010958 0.040536 0.999118
1413394908.505761 -0.120237 -0.077461 -0.022386 0.998655 0.038294 0.034941 -0.028475 0.968458 -0.247545 -0.043319 0.246217 0.968246
1413394908.555760 -0.019591 0.008670 -0.013468 0.999945 0.006368 0.008377 -0.006386 0.999977 0.002075 -0.008363 -0.002128 0.999963
1413394908.605761 -0.020261 0.018748 -0.019247 0.999904 -0.013874 0.000120 0.013856 0.998996 0.042596 -0.000711 -0.042590 0.999092
1413394908.655761 -0.019824 0.025348 -0.023539 0.999881 -0.015419 -0.000537 0.015420 0.997577 0.067845 -0.000510 -0.067845 0.997696
1413394908.705761 -0.079385 0.072122 -0.088061 0.999490 -0.030894 0.008108 0.028710 0.980218 0.195827 -0.013997 -0.195494 0.980605
1413394908.755760 -0.017923 0.029042 -0.027254 0.999898 -0.014260 -0.000858 0.014281 0.996116 0.086890 -0.000385 -0.086894 0.996218
1413394908.805760 -0.016075 0.027146 -0.026472 0.999980 -0.006030 0.001842 0.005882 0.997385 0.072036 -0.002271 -0.072023 0.997400
1413394908.855761 -0.014296 0.027174 -0.024956 0.999990 -0.003937 0.002274 0.003773 0.997678 0.067996 -0.002537 -0.067986 0.997683
1413394908.905761 -0.061022 0.100513 -0.108161 0.999768 -0.019532 0.009078 0.016231 0.960271 0.278595 -0.014158 -0.278383 0.960366
1413394908.955760 -0.010374 0.030774 -0.015266 0.999881 0.013586 0.007311 -0.013950 0.998536 0.052253 -0.006591 -0.052349 0.998607
1413394909.005761 -0.008165 0.030802 -0.009141 0.999691 0.022758 0.010033 -0.022981 0.999477 0.022732 -0.009510 -0.022955 0.999691
1413394909.055760 -0.007431 0.027438 -0.001597 0.999806 0.018259 0.007434 -0.018130 0.999690 -0.017047 -0.007743 0.016909 0.999827
1413394909.105761 -0.006823 0.026982 0.005462 0.999800 0.018950 0.006324 -0.018639 0.998763 -0.046109 -0.007189 0.045982 0.998916
1413394909.155761 -0.034261 0.142703 0.004990 0.995069 0.091102 0.039226 -0.088888 0.994527 -0.054908 -0.044014 0.051150 0.997721
1413394909.205761 -0.008631 0.018302 0.017384 0.999961 0.004858 -0.007329 -0.005375 0.997364 -0.072355 0.006958 0.072391 0.997352
1413394909.255760 -0.009906 0.012920 0.019694 0.999904 0.006167 -0.012389 -0.007130 0.996833 -0.079205 0.011862 0.079286 0.996781
1413394909.305760 -0.011606 0.009634 0.020026 0.999834 0.006181 -0.017111 -0.007290 0.997824 -0.065529 0.016669 0.065643 0.997704
1413394909.355761 -0.013045 0.008341 0.018365 0.999651 0.016993 -0.020235 -0.018015 0.998512 -0.051465 0.019331 0.051811 0.998470
1413394909.405761 -0.059525 0.050089 0.094513 0.995384 0.038704 -0.087826 -0.062945 0.954055 -0.292944 0.072453 0.297120 0.952087
1413394909.455760 -0.016021 0.010665 0.010119 0.999478 0.020356 -0.025092 -0.020506 0.999773 -0.005739 0.024969 0.006250 0.999669
1413394909.505761 -0.017349 0.013162 0.005049 0.999453 0.021420 -0.025179 -0.020975 0.999621 0.017821 0.025551 -0.017283 0.999524
1413394909.555760 -0.018656 0.014951 0.001141 0.999445 0.025219 -0.021786 -0.024479 0.999135 0.033608 0.022614 -0.033056 0.999198
1413394909.605761 -0.019839 0.017511 -0.002168 0.999562 0.022939 -0.018675 -0.022115 0.998823 0.043177 0.019643 -0.042745 0.998893
1413394909.655761 -0.091376 0.079988 0.001135 0.988484 0.110575 -0.103308 -0.096089 0.986039 0.135996 0.116903 -0.124503 0.985308
1413394909.705761 -0.023984 0.019284 -0.005848 0.999814 0.006744 -0.018051 -0.005903 0.998913 0.046230 0.018343 -0.046115 0.998768
1413394909.755760 -0.026214 0.020098 -0.006042 0.999863 -0.003084 -0.016291 0.003959 0.998537 0.053927 0.016101 -0.053984 0.998412
1413394909.805760 -0.028420 0.019117 -0.005217 0.999761 -0.014800 -0.016096 0.015641 0.998451 0.053401 0.015281 -0.053640 0.998443
1413394909.855761 -0.030020 0.018873 -0.002979 0.999789 -0.015419 -0.013564 0.016128 0.998421 0.053814 0.012712 -0.054022 0.998459
1413394909.905761 -0.141125 0.087676 -0.031116 0.996336 -0.030967 -0.079718 0.049143 0.970183 0.237337 0.069991 -0.240385 0.968151
1413394909.955760 -0.032284 0.013077 0.006110 0.999791 -0.018711 -0.008213 0.018756 0.999810 0.005358 0.008111 -0.005510 0.999952
1413394910.005761 -0.033087 0.007937 0.011563 0.999783 -0.019302 -0.007804 0.019019 0.999210 -0.034882 0.008471 0.034726 0.999361
1413394910.055760 -0.032977 0.004507 0.016372 0.999777 -0.020225 -0.006093 0.019892 0.998522 -0.050581 0.007107 0.050448 0.998701
1413394910.105761 -0.131655 0.019921 0.054707 0.997165 -0.071830 -0.022420 0.067943 0.987528 -0.142029 0.032343 0.140103 0.989609
1413394910.155761 -0.031015 -0.002732 0.019666 0.999985 -0.005437 0.000451 0.005455 0.998002 -0.062950 -0.000107 0.062952 0.998017
1413394910.205761 -0.029491 -0.005723 0.018918 0.999996 0.000974 0.002734 -0.000802 0.998054 -0.062348 -0.002790 0.062345 0.998051
1413394910.255760 -0.028257 -0.007805 0.016532 0.999988 0.001895 0.004479 -0.001630 0.998292 -0.058393 -0.004582 0.058385 0.998284
1413394910.305760 -0.027253 -0.008420 0.013085 0.999988 0.002205 0.004399 -0.001985 0.998780 -0.049338 -0.004502 0.049329 0.998772
1413394910.355761 -0.141565 -0.040873 0.075220 0.999856 0.006715 0.015590 -0.002288 0.963355 -0.268220 -0.016820 0.268146 0.963232
1413394910.405761 -0.025581 -0.008438 0.003368 0.999979 0.003113 0.005711 -0.002938 0.999531 -0.030473 -0.005803 0.030456 0.999519
1413394910.455760 -0.025358 -0.006783 -0.002371 0.999995 0.000218 0.003201 -0.000154 0.999805 -0.019732 -0.003205 0.019731 0.999800
1413394910.505761 -0.024887 -0.001935 -0.008344 0.999991 -0.003779 0.002146 0.003744 0.999859 0.016362 -0.002208 -0.016354 0.999864
1413394910.555760 -0.100430 -0.017094 -0.020079 0.999903 -0.007126 0.011982 0.006970 0.999892 0.012971 -0.012074 -0.012886 0.999844
1413394910.605761 -0.024170 0.002530 -0.018522 0.999957 -0.009261 -0.000809 0.009295 0.997324 0.072521 0.000135 -0.072526 0.997367
1413394910.655761 -0.023157 0.003319 -0.021011 0.999994 0.000540 0.003373 -0.000835 0.996112 0.088096 -0.003313 -0.088099 0.996106
1413394910.705761 -0.022421 0.001054 -0.021093 0.999996 -0.000975 0.002809 0.000740 0.996597 0.082427 -0.002879 -0.082424 0.996593
1413394910.755760 -0.021572 -0.000664 -0.018598 0.999962 0.006669 0.005680 -0.007068 0.997283 0.073330 -0.005176 -0.073368 0.997292
1413394910.805760 -0.113591 -0.007891 -0.092084 0.999676 0.006083 0.024714 -0.014725 0.930244 0.366647 -0.020760 -0.366892 0.930032
1413394910.855761 -0.021093 -0.003488 -0.008698 0.999880 0.012776 0.008802 -0.013112 0.999146 0.039178 -0.008294 -0.039288 0.999193
1413394910.905761 -0.021529 -0.004473 -0.002406 0.999887 0.013072 0.007373 -0.013261 0.999570 0.026149 -0.007028 -0.026244 0.999631
1413394910.955760 -0.021878 -0.004448 0.004389 0.999863 0.014757 0.007559 -0.014890 0.999730 0.017841 -0.007293 -0.017951 0.999812
1413394911.005761 -0.087597 -0.016211 0.006093 0.997822 0.055245 0.036048 -0.057986 0.995105 0.080028 -0.031450 -0.081944 0.996141
1413394911.055760 -0.024313 -0.009423 0.017839 0.999921 0.011007 0.006025 -0.010755 0.999123 -0.040467 -0.006465 0.040399 0.999163
1413394911.105761 -0.026677 -0.014689 0.022697 0.999813 -0.018890 -0.004073 0.018636 0.998300 -0.055230 0.005110 0.055143 0.998465
1413394911.155761 -0.027878 -0.019443 0.025476 0.999793 -0.019517 -0.005731 0.019024 0.996914 -0.076156 0.007200 0.076031 0.997079
1413394911.205761 -0.028404 -0.022833 0.025923 0.999735 -0.021955 -0.006939 0.021353 0.996774 -0.077362 0.008615 0.077193 0.996979
1413394911.255760 -0.133374 -0.110846 0.102330 0.997723 -0.067222 -0.005459 0.062103 0.947272 -0.314355 0.026303 0.313300 0.949290
1413394911.305760 -0.027837 -0.026593 0.020701 0.999941 -0.008652 -0.006584 0.008254 0.998269 -0.058239 0.007077 0.058181 0.998281
1413394911.355761 -0.027278 -0.027714 0.015571 0.999931 -0.008642 -0.007934 0.008237 0.998727 -0.049758 0.008354 0.049690 0.998730
1413394911.405761 -0.026244 -0.026110 0.009986 0.999977 -0.002802 -0.006212 0.002582 0.999380 -0.035101 0.006306 0.035084 0.999364
1413394911.455760 -0.024980 -0.024134 0.004145 0.999982 -0.002563 -0.005430 0.002455 0.999800 -0.019825 0.005480 0.019812 0.999789
1413394911.505761 -0.130051 -0.131886 0.040619 0.999205 -0.026988 -0.029358 0.021435 0.984288 -0.175266 0.033626 0.174498 0.984083
1413394911.555760 -0.022594 -0.019587 -0.007403 0.999974 0.002262 -0.006819 -0.002182 0.999930 0.011638 0.006845 -0.011623 0.999909
1413394911.605761 -0.021027 -0.016593 -0.012137 0.999969 0.004558 -0.006429 -0.004322 0.999333 0.036251 0.006590 -0.036222 0.999322
1413394911.655761 -0.019879 -0.013828 -0.015991 0.999957 0.004454 -0.008158 -0.003979 0.998346 0.057361 0.008400 -0.057326 0.998320
1413394911.705761 -0.018584 -0.011316 -0.017550 0.999941 0.006271 -0.008887 -0.005586 0.997158 0.075129 0.009333 -0.075075 0.997134
1413394911.755760 -0.099101 -0.077783 -0.059465 0.999110 0.026276 -0.032991 -0.017011 0.966823 0.254882 0.038593 -0.254094 0.966409
1413394911.805760 -0.015689 -0.009455 -0.013285 0.999980 0.001178 -0.006227 -0.000726 0.997394 0.072143 0.006295 -0.072137 0.997375
1413394911.855761 -0.014734 -0.009121 -0.007367 0.999968 0.004790 -0.006456 -0.004403 0.998265 0.058712 0.006726 -0.058681 0.998254
1413394911.905761 -0.013375 -0.008261 -0.000761 0.999989 0.001551 -0.004355 -0.001390 0.999326 0.036684 0.004409 -0.036677 0.999317
1413394911.955760 -0.012345 -0.008858 0.004894 0.999983 -0.003392 -0.004820 0.003377 0.999990 -0.003096 0.004830 0.003080 0.999984
1413394912.005761 -0.067113 -0.045360 -0.007421 0.999630 0.006021 -0.026512 -0.002449 0.991145 0.132759 0.027077 -0.132645 0.990794
1413394912.055760 -0.010154 -0.008184 0.013318 0.999992 -0.001952 -0.003561 0.001741 0.998299 -0.058270 0.003669 0.058263 0.998295
1413394912.105761 -0.008856 -0.008178 0.016442 0.999994 0.000050 -0.003418 -0.000293 0.997474 -0.071026 0.003406 0.071027 0.997469
1413394912.155761 -0.008313 -0.007918 0.017480 0.999971 -0.001136 -0.007512 0.000631 0.997763 -0.066848 0.007571 0.066842 0.997735
1413394912.205761 -0.007392 -0.006678 0.016640 0.999943 0.001623 -0.010521 -0.002193 0.998513 -0.054479 0.010417 0.054499 0.998460
1413394912.255760 -0.043159 -0.042917 0.072193 0.999197 -0.007493 -0.039368 -0.004132 0.957865 -0.287187 0.039861 0.287119 0.957065
1413394912.305760 -0.005557 -0.001650 0.010986 0.999834 0.005512 -0.017364 -0.006014 0.999561 -0.029021 0.017197 0.029120 0.999428
1413394912.355761 -0.004416 0.000501 0.007339 0.999790 0.004924 -0.019876 -0.005254 0.999849 -0.016580 0.019791 0.016681 0.999665
1413394912.405761 -0.002878 0.004339 0.003234 0.999663 0.016684 -0.019876 -0.016906 0.999796 -0.011043 0.019688 0.011375 0.999741
1413394912.455760 -0.001464 0.009704 -0.001419 0.999558 0.021435 -0.020587 -0.021487 0.999766 -0.002324 0.020532 0.002765 0.999785
1413394912.505761 -0.015523 0.026269 0.014638 0.992688 0.064682 -0.101915 -0.069502 0.996590 -0.044467 0.098691 0.051225 0.993799
1413394912.555760 0.001423 0.017102 -0.008079 0.999441 0.027544 -0.018943 -0.027113 0.999376 0.022651 0.019555 -0.022125 0.999564
1413394912.605761 0.002324 0.018688 -0.011267 0.999464 0.025731 -0.020260 -0.025105 0.999218 0.030554 0.021031 -0.030029 0.999328
1413394912.655761 0.003115 0.020391 -0.013841 0.999409 0.027736 -0.020295 -0.027024 0.999038 0.034524 0.021233 -0.033955 0.999198
1413394912.705761 0.003695 0.019796 -0.015640 0.999499 0.025407 -0.018859 -0.024912 0.999350 0.026072 0.019509 -0.025589 0.999482
1413394912.755760 0.020851 0.091897 -0.069742 0.986999 0.132309 -0.091259 -0.118943 0.983131 0.138946 0.108103 -0.126285 0.986086
1413394912.805760 0.003825 0.019447 -0.017643 0.999651 0.019744 -0.017526 -0.019492 0.999706 0.014409 0.017805 -0.014063 0.999743
1413394912.855761 0.003942 0.018798 -0.018039 0.999822 0.012719 -0.013926 -0.012597 0.999881 0.008874 0.014037 -0.008697 0.999864
1413394912.905761 0.002889 0.018111 -0.018453 0.999886 0.002854 -0.014796 -0.002779 0.999983 0.005098 0.014811 -0.005056 0.999878
1413394912.955760 0.001648 0.017038 -0.018657 0.999768 -0.012068 -0.017850 0.012064 0.999927 -0.000335 0.017853 0.000119 0.999841
1413394913.005761 0.001299 0.017267 -0.018732 0.999775 -0.015313 -0.014674 0.015350 0.999879 0.002445 0.014634 -0.002670 0.999889
1413394913.055760 0.011418 0.088586 -0.092243 0.996914 -0.025384 -0.074286 0.026660 0.999513 0.016229 0.073838 -0.018159 0.997105
1413394913.105761 0.001610 0.017254 -0.018328 0.999857 -0.013108 -0.010659 0.013122 0.999913 0.001290 0.010641 -0.001430 0.999942
1413394913.155761 0.002880 0.017593 -0.017977 0.999942 -0.010320 -0.003056 0.010325 0.999946 0.001460 0.003041 -0.001491 0.999994
1413394913.205761 0.004171 0.017747 -0.017510 0.999959 -0.008441 0.003309 0.008436 0.999963 0.001545 -0.003322 -0.001517 0.999993
1413394913.255760 0.005624 0.018061 -0.016927 0.999911 -0.008777 0.010075 0.008749 0.999958 0.002845 -0.010100 -0.002757 0.999945
1413394913.305760 0.018018 0.088711 -0.088187 0.998639 -0.048548 0.019062 0.048234 0.998698 0.016589 -0.019842 -0.015647 0.999681
1413394913.355761 0.008090 0.019001 -0.016165 0.999674 -0.010038 0.023469 0.009705 0.999851 0.014241 -0.023608 -0.014008 0.999623
1413394913.405761 0.009322 0.017599 -0.015937 0.999514 -0.012617 0.028500 0.012368 0.999884 0.008917 -0.028609 -0.008560 0.999554
1413394913.455760 0.010591 0.015137 -0.015883 0.999286 -0.016907 0.033793 0.016670 0.999834 0.007294 -0.033911 -0.006726 0.999402
1413394913.505761 0.011204 0.011836 -0.016043 0.999145 -0.022358 0.034773 0.022091 0.999724 0.008051 -0.034944 -0.007276 0.999363
1413394913.555760 0.012223 0.008908 -0.016021 0.998947 -0.029397 0.035212 0.029197 0.999554 0.006200 -0.035379 -0.005165 0.999361
1413394913.605761 0.046968 0.061334 -0.083861 0.979347 -0.114763 0.166457 0.108758 0.993059 0.044781 -0.170441 -0.025753 0.985031
1413394913.655761 0.015563 0.003914 -0.016054 0.998701 -0.033055 0.038780 0.032942 0.999451 0.003565 -0.038877 -0.002283 0.999241
1413394913.705761 0.018008 0.001530 -0.016180 0.998801 -0.025655 0.041704 0.025860 0.999656 -0.004389 -0.041577 0.005462 0.999120
1413394913.755760 0.020803 -0.000951 -0.016900 0.998798 -0.019023 0.045180 0.019494 0.999760 -0.009999 -0.044979 0.010867 0.998929
1413394913.805760 0.023598 -0.002474 -0.017971 0.998741 -0.009894 0.049176 0.010350 0.999906 -0.009025 -0.049082 0.009522 0.998749
1413394913.855761 0.025758 -0.004292 -0.019943 0.998704 -0.000127 0.050887 0.000590 0.999959 -0.009075 -0.050884 0.009093 0.998663
1413394913.905761 0.106064 -0.009722 -0.103031 0.970878 -0.047317 0.234856 0.057810 0.997604 -0.037992 -0.232496 0.050463 0.971287
1413394913.955760 0.027982 -0.006308 -0.025082 0.998743 0.004925 0.049891 -0.004876 0.999987 -0.001107 -0.049896 0.000862 0.998754
1413394914.005761 0.027942 -0.008224 -0.027275 0.998871 0.002398 0.047436 -0.002474 0.999996 0.001537 -0.047432 -0.001653 0.998873
1413394914.055760 0.027405 -0.009343 -0.029783 0.999063 -0.003806 0.043122 0.003662 0.999987 0.003412 -0.043134 -0.003251 0.999064
1413394914.105761 0.027105 -0.009154 -0.031156 0.999088 -0.010559 0.041361 0.010315 0.999928 0.006091 -0.041422 -0.005659 0.999126
1413394914.155761 0.026201 -0.006869 -0.031705 0.999087 -0.019583 0.037961 0.019382 0.999796 0.005675 -0.038065 -0.004934 0.999263
1413394914.205761 0.025758 -0.003033 -0.031956 0.999052 -0.024277 0.036128 0.023974 0.999674 0.008791 -0.036330 -0.007916 0.999309
1413394914.255760 0.121927 -0.023533 -0.165161 0.977712 -0.085664 0.191679 0.079943 0.996098 0.037395 -0.194134 -0.021238 0.980745
1413394914.305760 0.025900 0.005851 -0.031149 0.999040 -0.023606 0.036915 0.023319 0.999694 0.008200 -0.037097 -0.007331 0.999285
1413394914.355761 0.026132 0.009594 -0.031319 0.999112 -0.024471 0.034294 0.024281 0.999688 0.005929 -0.034428 -0.005091 0.999394
1413394914.405761 0.026596 0.014832 -0.030860 0.999100 -0.023550 0.035280 0.023318 0.999704 0.006971 -0.035434 -0.006142 0.999353
1413394914.455760 0.026903 0.018249 -0.030586 0.999238 -0.018079 0.034599 0.017920 0.999827 0.004923 -0.034682 -0.004299 0.999389
1413394914.505761 0.027351 0.022932 -0.031229 0.999355 -0.019631 0.030068 0.019390 0.999778 0.008305 -0.030224 -0.007716 0.999513
1413394914.555760 0.029050 0.024882 -0.030923 0.999468 -0.005475 0.032138 0.005457 0.999985 0.000645 -0.032141 -0.000469 0.999483
1413394914.605761 0.149648 0.115980 -0.199199 0.976990 -0.086811 0.194820 0.081533 0.996057 0.034963 -0.197087 -0.018275 0.980216
1413394914.655761 0.031657 0.021988 -0.033100 0.999526 0.009298 0.029340 -0.009356 0.999955 0.001840 -0.029322 -0.002114 0.999568
1413394914.705761 0.032108 0.019165 -0.034580 0.999637 0.005120 0.026443 -0.005221 0.999979 0.003752 -0.026423 -0.003888 0.999643
1413394914.755760 0.032771 0.016492 -0.036358 0.999609 0.008127 0.026756 -0.008174 0.999965 0.001625 -0.026742 -0.001843 0.999641
1413394914.805760 0.032755 0.013733 -0.037520 0.999693 0.001666 0.024736 -0.001743 0.999994 0.003092 -0.024731 -0.003134 0.999689
1413394914.855761 0.032309 0.011303 -0.039426 0.999758 -0.003094 0.021796 0.003080 0.999995 0.000679 -0.021798 -0.000612 0.999762
1413394914.905761 0.031786 0.008683 -0.040692 0.999759 -0.012540 0.018013 0.012455 0.999911 0.004847 -0.018072 -0.004621 0.999826
1413394914.955760 0.031761 0.005332 -0.041716 0.999733 -0.014340 0.018104 0.014232 0.999880 0.006099 -0.018189 -0.005840 0.999818
1413394915.005761 0.206696 0.080187 -0.286848 0.987845 -0.036033 0.151211 0.031450 0.998974 0.032593 -0.152230 -0.027441 0.987964
1413394915.055760 0.033278 0.000902 -0.042412 0.999507 -0.025808 0.017860 0.025617 0.999613 0.010867 -0.018134 -0.010404 0.999781
1413394915.105761 0.034572 0.001246 -0.042141 0.999445 -0.025890 0.020967 0.025671 0.999613 0.010680 -0.021236 -0.010136 0.999723
1413394915.155761 0.036106 0.002298 -0.041619 0.999318 -0.028190 0.023841 0.028116 0.999599 0.003435 -0.023929 -0.002762 0.999710
1413394915.205761 0.037477 0.004702 -0.041379 0.999242 -0.030012 0.024787 0.029902 0.999541 0.004786 -0.024919 -0.004041 0.999681
1413394915.255760 0.169362 0.023336 -0.217154 0.983941 -0.138688 0.112361 0.135127 0.990070 0.038746 -0.116619 -0.022941 0.992912
1413394915.305760 0.042063 0.009334 -0.040333 0.999231 -0.024585 0.030556 0.024392 0.999680 0.006674 -0.030711 -0.005924 0.999511
1413394915.355761 0.044240 0.011143 -0.039861 0.999321 -0.022557 0.029119 0.022350 0.999723 0.007418 -0.029278 -0.006762 0.999548
1413394915.405761 0.047171 0.013425 -0.039564 0.999296 -0.018675 0.032546 0.018331 0.999773 0.010820 -0.032741 -0.010216 0.999412
1413394915.455760 0.049559 0.015162 -0.039472 0.999332 -0.018403 0.031575 0.018074 0.999780 0.010682 -0.031765 -0.010104 0.999444
1413394915.505761 0.052693 0.017092 -0.039315 0.999362 -0.015083 0.032376 0.014668 0.999808 0.012992 -0.032565 -0.012508 0.999391
1413394915.555760 0.056373 0.019187 -0.039628 0.999169 -0.001625 0.040722 0.000916 0.999848 0.017415 -0.040744 -0.017363 0.999019
1413394915.605761 0.283555 0.086293 -0.268638 0.974743 -0.067811 0.212787 0.051816 0.995458 0.079870 -0.217237 -0.066827 0.973829
1413394915.655761 0.061745 0.017751 -0.041484 0.998351 0.022484 0.052825 -0.023477 0.999558 0.018257 -0.052391 -0.019467 0.998437
1413394915.705761 0.062722 0.015653 -0.042258 0.998217 0.020514 0.056052 -0.021544 0.999609 0.017831 -0.055664 -0.019007 0.998269
1413394915.755760 0.062168 0.013320 -0.042991 0.998337 0.014202 0.055866 -0.015038 0.999781 0.014582 -0.055646 -0.015398 0.998332
1413394915.805760 0.060552 0.012683 -0.042962 0.998704 0.001887 0.050851 -0.003035 0.999742 0.022502 -0.050796 -0.022627 0.998453
1413394915.855761 0.059186 0.011680 -0.042298 0.998743 -0.001221 0.050103 0.000021 0.999713 0.023956 -0.050118 -0.023925 0.998457
1413394915.905761 0.057242 0.010850 -0.041397 0.998863 -0.006291 0.047254 0.005345 0.999783 0.020127 -0.047371 -0.019851 0.998680
1413394915.955760 0.322025 0.063163 -0.296102 0.954599 0.005651 0.297841 -0.041281 0.992683 0.113473 -0.295021 -0.120616 0.947847
1413394916.005761 0.053793 0.009298 -0.038067 0.999049 -0.003590 0.043454 0.003236 0.999961 0.008237 -0.043482 -0.008088 0.999021
1413394916.055760 0.052122 0.008980 -0.035443 0.999201 -0.006243 0.039476 0.006032 0.999967 0.005446 -0.039509 -0.005204 0.999206
1413394916.105761 0.051042 0.009205 -0.032799 0.999316 -0.000139 0.036983 -0.000121 0.999975 0.007031 -0.036983 -0.007031 0.999291
1413394916.155761 0.049855 0.008196 -0.029196 0.999440 -0.004524 0.033163 0.004788 0.999958 -0.007865 -0.033126 0.008019 0.999419
1413394916.205761 0.049143 0.007227 -0.026380 0.999474 -0.003266 0.032279 0.004077 0.999677 -0.025084 -0.032187 0.025203 0.999164
1413394916.255760 0.285313 0.062365 -0.207769 0.976665 -0.024188 0.213401 0.032275 0.998884 -0.034490 -0.212328 0.040572 0.976356
1413394916.305760 0.047987 0.008420 -0.022001 0.999505 -0.004391 0.031145 0.005363 0.999499 -0.031185 -0.030992 0.031337 0.999028
1413394916.355761 0.047646 0.009051 -0.021178 0.999389 0.006450 0.034338 -0.005637 0.999703 -0.023725 -0.034481 0.023517 0.999129
1413394916.405761 0.046916 0.007802 -0.021389 0.999208 0.014924 0.036895 -0.014174 0.999689 -0.020517 -0.037190 0.019978 0.999108
1413394916.455760 0.045695 0.004955 -0.022461 0.998804 0.026101 0.041339 -0.025377 0.999517 -0.017938 -0.041787 0.016868 0.998984
1413394916.505761 0.042896 0.002192 -0.024240 0.998854 0.023965 0.041424 -0.023409 0.999630 -0.013854 -0.041741 0.012869 0.999046
1413394916.555760 0.257089 0.020536 -0.164648 0.969785 0.109565 0.217973 -0.084740 0.989130 -0.120169 -0.228770 0.098067 0.968528
1413394916.605761 0.034595 -0.003050 -0.028520 0.998280 0.032987 0.048467 -0.033273 0.999433 0.005098 -0.048271 -0.006702 0.998812
1413394916.655761 0.028260 -0.006180 -0.030005 0.998454 0.025200 0.049540 -0.025534 0.999655 0.006128 -0.049369 -0.007384 0.998753
1413394916.705761 0.021009 -0.010229 -0.030523 0.998912 0.006744 0.046148 -0.006429 0.999955 -0.006959 -0.046193 0.006655 0.998910
1413394916.755760 0.013503 -0.011940 -0.030582 0.999009 -0.014555 0.042062 0.014988 0.999838 -0.010001 -0.041910 0.010622 0.999065
1413394916.855761 0.086110 -0.047252 -0.195759 0.965455 -0.004841 0.260525 0.013479 0.999417 -0.031383 -0.260221 0.033810 0.964957
1413394916.955760 -0.016940 -0.034032 -0.060046 0.995067 -0.069460 0.070826 0.072757 0.996330 -0.045078 -0.067435 0.050009 0.996470
1413394917.055760 -0.032700 -0.037352 -0.060148 0.992416 -0.107041 0.060430 0.108840 0.993684 -0.027295 -0.057126 0.033665 0.997799
1413394917.155761 -0.092212 -0.106456 -0.178110 0.944827 -0.250286 0.211326 0.272009 0.958928 -0.080425 -0.182517 0.133471 0.974101
1413394917.255760 -0.044239 -0.030497 -0.060773 0.994420 -0.081143 0.067419 0.082985 0.996238 -0.024976 -0.065139 0.030431 0.997412
1413394917.355761 -0.090589 -0.054627 -0.122529 0.982695 -0.131621 0.130332 0.137131 0.989962 -0.034207 -0.124521 0.051487 0.990880
1413394917.455760 -0.043202 -0.014920 -0.069792 0.998509 -0.027217 0.047312 0.027480 0.999610 -0.004917 -0.047160 0.006210 0.998868
1413394917.555760 -0.040626 -0.008939 -0.077960 0.999068 -0.037450 0.021451 0.037032 0.999123 0.019565 -0.022165 -0.018753 0.999578
1413394917.655761 -0.075200 -0.013351 -0.166102 0.997021 -0.072563 0.026165 0.071331 0.996424 0.045290 -0.029357 -0.043289 0.998631
1413394917.755760 -0.024056 0.010768 -0.092772 0.999740 -0.022272 -0.004887 0.022355 0.999595 0.017612 0.004493 -0.017717 0.999833
1413394917.855761 -0.010798 0.022850 -0.091830 0.998974 -0.043208 -0.013545 0.043468 0.998864 0.019542 0.012685 -0.020110 0.999717
1413394917.955760 0.006292 0.034887 -0.091449 0.999224 -0.039284 0.002775 0.039266 0.999209 0.006294 -0.003020 -0.006180 0.999976
1413394918.055760 0.014907 0.091829 -0.276131 0.995873 -0.089771 0.013341 0.089380 0.995618 0.027491 -0.015750 -0.026185 0.999533
1413394918.155761 0.044042 0.033634 -0.097852 0.997287 0.049132 0.054822 -0.049198 0.998789 -0.000143 -0.054762 -0.002554 0.998496
1413394918.255760 0.091478 0.063905 -0.203683 0.987740 0.101145 0.118912 -0.101758 0.994809 -0.000922 -0.118387 -0.011189 0.992904
1413394918.355761 0.052150 0.033456 -0.108329 0.995280 0.067715 0.069513 -0.066566 0.997606 -0.018724 -0.070615 0.014008 0.997405
1413394918.455760 0.088978 0.067473 -0.225984 0.984574 0.114715 0.132116 -0.111832 0.993302 -0.029062 -0.134565 0.013839 0.990808
1413394918.555760 0.024705 0.039240 -0.120479 0.998619 -0.000201 0.052528 -0.000115 0.999982 0.006004 -0.052528 -0.006002 0.998601
1413394918.655761 0.022939 0.081653 -0.245634 0.994569 -0.043173 0.094700 0.042140 0.999029 0.012888 -0.095164 -0.008827 0.995422
1413394918.755760 -0.011997 0.042357 -0.125573 0.997195 -0.066766 0.033831 0.066504 0.997747 0.008790 -0.034342 -0.006516 0.999389
1413394918.855761 -0.041149 0.080890 -0.252094 0.988982 -0.136204 0.057983 0.134202 0.990258 0.037142 -0.062477 -0.028951 0.997626
1413394918.955760 -0.027388 0.047178 -0.123497 0.998288 -0.053245 0.024189 0.052078 0.997557 0.046565 -0.026609 -0.045225 0.998622
1413394919.055760 -0.058651 0.100389 -0.237706 0.995808 -0.063465 0.065862 0.057619 0.994528 0.087148 -0.071032 -0.082988 0.994016
1413394919.155761 -0.024083 0.069061 -0.098412 0.998607 0.004350 0.052585 -0.006042 0.999467 0.032076 -0.052417 -0.032349 0.998101
1413394919.255760 -0.054841 0.145207 -0.179503 0.993710 -0.001211 0.111979 -0.005591 0.998158 0.060409 -0.111846 -0.060655 0.991873
1413394919.355761 -0.027489 0.079938 -0.064866 0.997862 -0.031458 0.057293 0.029688 0.999063 0.031491 -0.058230 -0.029722 0.997861
1413394919.455760 -0.064972 0.153122 -0.113402 0.990325 -0.091472 0.104352 0.085851 0.994667 0.057154 -0.109023 -0.047642 0.992897
1413394919.555760 -0.024451 0.070895 -0.027546 0.997120 -0.053180 0.054068 0.054742 0.998113 -0.027829 -0.052486 0.030709 0.998149
1413394919.655761 -0.037329 0.135491 -0.030818 0.990866 -0.056324 0.122525 0.067027 0.994119 -0.085057 -0.117014 0.092492 0.988814
1413394919.755760 0.004184 0.055300 -0.002229 0.996587 0.027865 0.077700 -0.023577 0.998177 -0.055562 -0.079106 0.053540 0.995427
1413394919.855761 0.019127 0.102537 -0.004289 0.986052 0.064517 0.153423 -0.048043 0.992906 -0.108761 -0.159352 0.099873 0.982157
1413394919.955760 0.014867 0.039899 -0.013324 0.997043 0.001111 0.076843 0.001392 0.999470 -0.032516 -0.076839 0.032527 0.996513
1413394920.055760 0.011667 0.033431 -0.024495 0.996515 -0.021611 0.080569 0.023227 0.999546 -0.019185 -0.080117 0.020989 0.996564
1413394920.155761 0.014871 0.060763 -0.062360 0.985515 -0.050623 0.161858 0.056292 0.997944 -0.030630 -0.159974 0.039298 0.986339
1413394920.255760 -0.001224 0.020178 -0.051770 0.996124 -0.045786 0.075098 0.046657 0.998862 -0.009892 -0.074559 0.013357 0.997127
1413394920.355761 -0.014196 0.035195 -0.117674 0.984680 -0.108713 0.136331 0.108036 0.994070 0.012376 -0.136868 0.002542 0.990586
1413394920.455760 -0.011986 0.017122 -0.075949 0.996797 -0.062766 0.049558 0.061361 0.997683 0.029396 -0.051289 -0.026261 0.998339
1413394920.555760 -0.011929 0.020522 -0.083142 0.997299 -0.063530 0.036873 0.062392 0.997563 0.031227 -0.038767 -0.028842 0.998832
1413394920.655761 -0.007421 0.024853 -0.087920 0.998080 -0.059330 0.017795 0.058961 0.998048 0.020596 -0.018982 -0.019508 0.999629
1413394920.755760 -0.005433 0.056170 -0.178157 0.994963 -0.096558 0.026913 0.095843 0.995038 0.026699 -0.029358 -0.023985 0.999281
1413394920.855761 0.019338 0.038356 -0.091191 0.999882 0.007093 0.013625 -0.006973 0.999937 -0.008831 -0.013687 0.008735 0.999868
1413394920.955760 0.034140 0.037885 -0.096691 0.999834 0.017146 0.006227 -0.017115 0.999841 -0.005017 -0.006312 0.004910 0.999968
1413394921.055760 0.083584 0.072539 -0.201474 0.998331 0.056836 0.010221 -0.056687 0.998290 -0.014269 -0.011014 0.013666 0.999846
1413394921.155761 0.058447 0.028055 -0.111808 0.998482 0.054911 0.004278 -0.054974 0.998350 0.016580 -0.003360 -0.016790 0.999853
1413394921.255760 0.122230 0.038285 -0.231647 0.993193 0.116145 0.008886 -0.116367 0.992725 0.030928 -0.005229 -0.031751 0.999482
1413394921.355761 0.059283 0.001636 -0.125460 0.995038 0.098675 0.012762 -0.098531 0.995068 -0.011450 -0.013829 0.010136 0.999853
1413394921.455760 0.103232 -0.007539 -0.258913 0.982528 0.185060 0.019801 -0.184467 0.982426 -0.028487 -0.024725 0.024337 0.999398
1413394921.555760 0.025532 -0.010861 -0.140877 0.999815 0.004755 -0.018614 -0.005039 0.999872 -0.015210 0.018539 0.015301 0.999711
1413394921.655761 0.043848 -0.021767 -0.286611 0.995217 -0.075164 -0.062403 0.075561 0.997133 0.004014 0.061922 -0.008710 0.998043
1413394921.755760 0.007734 -0.011068 -0.149672 0.995174 -0.088377 -0.042637 0.089910 0.995318 0.035480 0.039302 -0.039142 0.998460
1413394921.855761 0.021126 -0.027752 -0.295731 0.988566 -0.140436 -0.054916 0.144501 0.986361 0.078814 0.043098 -0.085848 0.995376
1413394921.955760 0.013986 -0.009695 -0.139540 0.999324 0.004984 0.036424 -0.007271 0.997991 0.062937 -0.036037 -0.063159 0.997353
1413394922.055760 0.014619 -0.021116 -0.265024 0.994600 0.025239 0.100665 -0.035390 0.994321 0.100366 -0.097560 -0.103387 0.989845
1413394922.155761 0.000731 0.004369 -0.107245 0.997718 -0.007148 0.067141 0.006658 0.999950 0.007525 -0.067191 -0.007061 0.997715
1413394922.255760 -0.014784 0.022396 -0.193698 0.990675 -0.042302 0.129510 0.046566 0.998462 -0.030072 -0.128039 0.035822 0.991122
1413394922.355761 -0.016104 0.028405 -0.071599 0.996885 -0.064085 0.045964 0.066308 0.996615 -0.048595 -0.042694 0.051491 0.997760
1413394922.455760 -0.037460 0.077393 -0.131818 0.990231 -0.114020 0.080261 0.119745 0.990296 -0.070537 -0.071440 0.079459 0.994275
1413394922.555760 -0.011389 0.070648 -0.053965 0.999423 -0.002537 0.033885 0.002909 0.999936 -0.010926 -0.033856 0.011018 0.999366
1413394922.655761 -0.013841 0.151971 -0.104840 0.997129 0.032856 0.068226 -0.031794 0.999357 -0.016591 -0.068727 0.014375 0.997532
1413394922.755760 0.000271 0.080595 -0.052517 0.999434 0.025156 0.022354 -0.024814 0.999573 -0.015434 -0.022733 0.014870 0.999631
1413394922.855761 0.000288 0.164197 -0.104510 0.998787 0.036453 0.033101 -0.035168 0.998635 -0.038625 -0.034464 0.037414 0.998705
