1413394904.205760 -0.134333 0.822745 -1.169186 0.999418 0.026067 -0.021992 -0.026483 0.999472 -0.018812 0.021490 0.019383 0.999581
1413394904.255760 -0.007582 -0.004722 -0.004837 0.999399 0.022210 -0.026613 -0.022692 0.999581 -0.017954 0.026203 0.018547 0.999485
1413394904.305760 -0.016334 -0.005998 -0.013393 0.999422 0.015531 -0.030250 -0.015988 0.999761 -0.014907 0.030011 0.015382 0.999431
1413394904.355761 -0.009859 -0.005022 -0.011610 0.999217 0.018336 -0.035066 -0.018875 0.999708 -0.015083 0.034779 0.015733 0.999271
1413394904.405761 -0.011808 -0.008000 -0.016414 0.999116 0.013171 -0.039917 -0.013544 0.999867 -0.009091 0.039792 0.009624 0.999162
1413394904.455760 -0.009716 -0.004935 -0.019192 0.999028 0.014075 -0.041783 -0.014349 0.999877 -0.006257 0.041690 0.006850 0.999107
1413394904.505760 -0.007913 -0.002839 -0.019924 0.998930 0.010004 -0.045142 -0.009902 0.999948 0.002467 0.045164 -0.002017 0.998978
1413394904.555760 -0.003535 -0.004063 -0.028215 0.998847 0.013128 -0.046180 -0.012310 0.999763 0.017969 0.046405 -0.017380 0.998771
1413394904.605761 -0.006741 0.000502 -0.024514 0.998878 0.016459 -0.044414 -0.015639 0.999702 0.018762 0.044710 -0.018047 0.998837
1413394904.655761 -0.006977 -0.009564 -0.020178 0.998895 0.016689 -0.043944 -0.015678 0.999607 0.023260 0.044315 -0.022545 0.998763
1413394904.705760 -0.012229 -0.008933 -0.018387 0.998915 0.020073 -0.042031 -0.019220 0.999603 0.020597 0.042428 -0.019767 0.998904
1413394904.755760 -0.007755 0.001239 -0.028716 0.998935 0.013558 -0.044105 -0.012908 0.999804 0.015004 0.044299 -0.014419 0.998914
1413394904.805760 0.001430 0.004498 -0.029076 0.998968 0.014304 -0.043107 -0.013620 0.999777 0.016117 0.043328 -0.015513 0.998940
1413394904.855761 -0.005770 -0.002089 -0.031656 0.999038 0.012834 -0.041924 -0.012095 0.999768 0.017826 0.042143 -0.017302 0.998962
1413394904.905761 -0.001122 0.005852 -0.027025 0.998948 0.014249 -0.043587 -0.013480 0.999749 0.017880 0.043831 -0.017273 0.998890
1413394904.955760 0.000668 0.000099 -0.026433 0.999005 0.014363 -0.042234 -0.013356 0.999622 0.024023 0.042563 -0.023435 0.998819
1413394905.005760 -0.003733 0.014998 -0.026468 0.999146 0.014413 -0.038735 -0.013460 0.999603 0.024767 0.039077 -0.024224 0.998943
1413394905.055760 0.002700 0.006064 -0.020848 0.999026 0.019198 -0.039733 -0.018036 0.999405 0.029398 0.040274 -0.028653 0.998778
1413394905.105761 -0.001137 0.008718 -0.016945 0.999079 0.018588 -0.038669 -0.017622 0.999528 0.025177 0.039119 -0.024472 0.998935
1413394905.155761 0.000623 0.003136 -0.012348 0.999184 0.020768 -0.034628 -0.020218 0.999665 0.016171 0.034952 -0.015458 0.999269
1413394905.205760 0.000532 0.001536 -0.009657 0.999215 0.022917 -0.032303 -0.023242 0.999683 -0.009725 0.032070 0.010469 0.999431
1413394905.255760 0.001507 0.006572 -0.004547 0.999324 0.020111 -0.030770 -0.021020 0.999344 -0.029503 0.030156 0.030130 0.999091
1413394905.305760 -0.007350 -0.010698 -0.000808 0.999552 0.017767 -0.024076 -0.018974 0.998524 -0.050883 0.023136 0.051317 0.998414
1413394905.355761 -0.002037 -0.004684 -0.001720 0.999681 0.009767 -0.023313 -0.011335 0.997613 -0.068122 0.022592 0.068364 0.997405
1413394905.405761 -0.001258 -0.005208 0.002565 0.999741 0.013545 -0.018278 -0.014868 0.997123 -0.074328 0.017219 0.074581 0.997066
1413394905.455760 -0.005567 0.007755 0.000999 0.999825 -0.004811 -0.018077 0.003409 0.997038 -0.076835 0.018393 0.076760 0.996880
1413394905.505760 -0.003451 0.000846 -0.007626 0.999891 0.003191 -0.014393 -0.004032 0.998262 -0.058798 0.014181 0.058850 0.998166
1413394905.555760 -0.010916 0.013421 -0.008474 0.999916 -0.000954 -0.012928 0.000325 0.998817 -0.048627 0.012959 0.048619 0.998733
1413394905.605761 0.009738 0.011612 -0.017567 0.999776 -0.010428 -0.018418 0.009923 0.999577 -0.027334 0.018695 0.027145 0.999457
1413394905.655761 -0.009554 0.021357 -0.023372 0.999743 -0.018784 -0.012712 0.019024 0.999637 0.019059 0.012350 -0.019296 0.999738
1413394905.705760 0.007636 0.030347 -0.027765 0.999766 -0.018958 -0.010395 0.019446 0.998610 0.048993 0.009452 -0.049184 0.998745
1413394905.755760 0.004354 0.042830 -0.038949 0.999823 -0.015364 -0.010820 0.016075 0.997486 0.069019 0.009732 -0.069181 0.997557
1413394905.805760 -0.007518 0.028561 -0.041225 0.999929 -0.011422 -0.003323 0.011659 0.996454 0.083330 0.002359 -0.083362 0.996517
1413394905.855761 -0.032214 0.011693 -0.017781 0.999988 -0.004815 0.000321 0.004765 0.995677 0.092756 -0.000766 -0.092754 0.995689
1413394905.905761 -0.003115 0.039746 -0.045165 0.999988 -0.004063 -0.002710 0.004247 0.997394 0.072019 0.002410 -0.072029 0.997400
1413394905.955760 -0.011237 0.019401 -0.036453 0.999991 -0.001497 0.003848 0.001211 0.997310 0.073294 -0.003948 -0.073289 0.997303
1413394906.005760 0.000048 0.030157 -0.049885 0.999943 0.007872 0.007248 -0.008280 0.998274 0.058149 -0.006777 -0.058206 0.998282
1413394906.055760 -0.004989 0.023735 -0.032941 0.999893 0.010157 0.010568 -0.010651 0.998800 0.047798 -0.010070 -0.047905 0.998801
1413394906.105761 -0.002419 0.017316 -0.027257 0.999765 0.019173 0.010143 -0.019505 0.999241 0.033718 -0.009489 -0.033908 0.999380
1413394906.155761 -0.011513 0.020813 -0.012125 0.999553 0.028233 0.009840 -0.028363 0.999509 0.013317 -0.009459 -0.013590 0.999863
1413394906.205760 0.008896 0.016638 -0.021033 0.999704 0.024270 -0.001937 -0.024290 0.999641 -0.011311 0.001662 0.011355 0.999934
1413394906.255760 -0.005631 0.016673 0.000596 0.999688 0.024980 -0.000600 -0.024981 0.998638 -0.045797 -0.000545 0.045798 0.998951
1413394906.305760 -0.007538 0.014414 0.007273 0.999872 0.013185 -0.009099 -0.013712 0.998073 -0.060520 0.008284 0.060637 0.998126
1413394906.355761 -0.008798 0.011299 0.014044 0.999835 0.009164 -0.015663 -0.010166 0.997825 -0.065136 0.015032 0.065285 0.997753
1413394906.405761 -0.020247 0.001593 0.020083 0.999762 0.000425 -0.021795 -0.001829 0.997919 -0.064451 0.021723 0.064476 0.997683
1413394906.455760 -0.033316 0.006559 0.029820 0.999532 -0.009996 -0.028912 0.007900 0.997394 -0.071716 0.029554 0.071454 0.997006
1413394906.505760 -0.023693 -0.005797 0.015676 0.999127 -0.020350 -0.036482 0.017812 0.997485 -0.068603 0.037787 0.067893 0.996977
1413394906.555760 -0.037670 -0.005918 0.020077 0.999395 -0.012454 -0.032461 0.010436 0.998045 -0.061621 0.033165 0.061245 0.997572
1413394906.605761 -0.029028 -0.005863 0.009810 0.999311 -0.008965 -0.036014 0.007205 0.998788 -0.048696 0.036407 0.048403 0.998164
1413394906.655761 -0.025097 -0.004237 0.002338 0.999299 -0.006721 -0.036839 0.005844 0.999698 -0.023887 0.036989 0.023655 0.999036
1413394906.705760 -0.030626 -0.001619 -0.000986 0.999523 0.001190 -0.030872 -0.001025 0.999985 0.005370 0.030878 -0.005336 0.999509
1413394906.755760 -0.023446 0.003850 -0.008494 0.999499 0.004450 -0.031342 -0.003296 0.999318 0.036778 0.031484 -0.036656 0.998832
1413394906.805760 -0.023890 0.004916 -0.010932 0.999516 0.009523 -0.029616 -0.007706 0.998116 0.060861 0.030139 -0.060603 0.997707
1413394906.855761 -0.018151 0.011876 -0.016428 0.999559 0.005101 -0.029265 -0.003113 0.997709 0.067583 0.029542 -0.067462 0.997284
1413394906.905761 -0.018808 0.002041 -0.016753 0.999699 0.009601 -0.022576 -0.007818 0.996942 0.077757 0.023253 -0.077557 0.996717
1413394906.955760 -0.010816 0.002119 -0.015133 0.999749 0.007619 -0.021085 -0.005923 0.996826 0.079394 0.021623 -0.079250 0.996620
1413394907.005760 -0.009249 0.000936 -0.013541 0.999840 0.005824 -0.016914 -0.004619 0.997507 0.070412 0.017282 -0.070322 0.997375
1413394907.055760 -0.009973 -0.000420 -0.003826 0.999879 0.010863 -0.011172 -0.010073 0.997603 0.068460 0.011889 -0.068339 0.997591
1413394907.105761 -0.019497 0.000860 0.005596 0.999870 0.015178 -0.005495 -0.014881 0.998606 0.050636 0.006256 -0.050548 0.998702
1413394907.155761 -0.014620 -0.002290 0.014879 0.999853 0.017118 0.000192 -0.017119 0.999649 0.020214 0.000154 -0.020215 0.999796
1413394907.205760 -0.008245 -0.004311 0.023862 0.999964 0.008215 -0.002285 -0.008275 0.999580 -0.027790 0.002056 0.027808 0.999611
1413394907.255760 -0.004413 -0.009796 0.028680 0.999947 0.010249 -0.001253 -0.010302 0.998489 -0.053976 0.000698 0.053986 0.998541
1413394907.305760 -0.008193 -0.002531 0.037917 0.999967 0.008123 -0.000588 -0.008144 0.997324 -0.072652 -0.000004 0.072654 0.997357
1413394907.355761 -0.025326 -0.009987 0.043836 0.999906 0.013648 0.001096 -0.013496 0.995954 -0.088841 -0.002304 0.088818 0.996045
1413394907.405761 0.009600 -0.021106 0.038238 0.999558 0.029664 0.001885 -0.029376 0.995529 -0.089772 -0.004540 0.089677 0.995961
1413394907.455760 -0.031058 -0.023790 0.041622 0.998576 0.053136 0.004847 -0.052499 0.994687 -0.088552 -0.009526 0.088172 0.996060
1413394907.505760 -0.007763 -0.022048 0.036572 0.998788 0.049178 -0.002252 -0.049217 0.996448 -0.068327 -0.001116 0.068355 0.997660
1413394907.555760 -0.023269 -0.021329 0.029633 0.998783 0.049156 -0.003985 -0.049307 0.996989 -0.059842 0.001032 0.059966 0.998200
1413394907.605761 -0.021255 -0.018738 0.023694 0.999494 0.027593 -0.015831 -0.028185 0.998860 -0.038516 0.014750 0.038942 0.999133
1413394907.655761 -0.036269 -0.015711 0.016988 0.999711 0.009842 -0.021917 -0.010398 0.999623 -0.025418 0.021658 0.025638 0.999437
1413394907.705760 -0.044387 -0.006718 0.006423 0.999406 -0.015491 -0.030779 0.015763 0.999839 0.008617 0.030641 -0.009097 0.999489
1413394907.755760 -0.045622 -0.008070 -0.005769 0.998717 -0.036706 -0.034898 0.038118 0.998443 0.040723 0.033349 -0.042001 0.998561
1413394907.805760 -0.050065 -0.003690 -0.003922 0.998501 -0.043253 -0.033545 0.045526 0.996491 0.070242 0.030389 -0.071664 0.996966
1413394907.855761 -0.050925 -0.001204 -0.009855 0.998699 -0.042008 -0.028896 0.044209 0.995790 0.080297 0.025401 -0.081470 0.996352
1413394907.905761 -0.061349 0.001802 -0.020896 0.999319 -0.032478 -0.017510 0.033780 0.996218 0.080051 0.014843 -0.080588 0.996637
1413394907.955760 -0.047914 -0.009448 -0.010320 0.999683 -0.021824 -0.012553 0.022661 0.997225 0.070920 0.010971 -0.071182 0.997403
1413394908.005760 -0.033834 -0.012806 -0.008713 0.999826 -0.016831 -0.008059 0.017281 0.998078 0.059519 0.007042 -0.059648 0.998195
1413394908.055760 -0.032707 -0.025780 -0.000365 0.999968 -0.007940 -0.001115 0.007976 0.999267 0.037445 0.000817 -0.037452 0.999298
1413394908.105761 -0.032602 -0.029168 -0.000003 0.999983 -0.005855 0.000349 0.005855 0.999983 -0.000531 -0.000345 0.000533 1.000000
1413394908.155761 -0.036959 -0.022977 0.002020 0.999991 -0.002732 0.003194 0.002848 0.999319 -0.036782 -0.003091 0.036791 0.999318
1413394908.205760 -0.026195 -0.024608 0.002942 0.999987 0.000267 0.005139 0.000037 0.998253 -0.059091 -0.005146 0.059090 0.998239
1413394908.255760 -0.036405 -0.027394 0.006595 0.999963 -0.008012 0.003256 0.008216 0.997632 -0.068287 -0.002701 0.068312 0.997660
1413394908.305760 -0.031431 -0.022153 0.007498 0.999981 -0.000665 0.006134 0.001080 0.997689 -0.067934 -0.006075 0.067940 0.997671
1413394908.355761 -0.028738 -0.022364 0.002795 0.999981 -0.002269 0.005756 0.002612 0.998174 -0.060342 -0.005608 0.060356 0.998161
1413394908.405761 -0.025116 -0.017833 -0.001046 0.999955 0.005185 0.007933 -0.004764 0.998625 -0.052202 -0.008193 0.052161 0.998605
1413394908.455760 -0.021383 -0.013141 -0.007781 0.999876 0.012111 0.010111 -0.011681 0.999068 -0.041558 -0.010605 0.041434 0.999085
1413394908.505760 -0.017437 -0.009272 -0.010559 0.999831 0.015008 0.010621 -0.014693 0.999466 -0.029183 -0.011053 0.029022 0.999518
1413394908.555760 -0.021401 0.005995 -0.010286 0.999938 0.006928 0.008705 -0.006906 0.999973 -0.002545 -0.008722 0.002485 0.999959
1413394908.605761 -0.021756 0.016830 -0.019901 0.999926 -0.012085 0.001115 0.012030 0.999121 0.040148 -0.001599 -0.040132 0.999193
1413394908.655761 -0.018028 0.025220 -0.021815 0.999868 -0.016253 -0.000622 0.016259 0.997714 0.065595 -0.000445 -0.065596 0.997846
1413394908.705760 -0.020363 0.029855 -0.024638 0.999962 -0.008568 0.001606 0.008404 0.996488 0.083308 -0.002315 -0.083292 0.996523
1413394908.755760 -0.019966 0.025732 -0.023637 0.999895 -0.014516 -0.000283 0.014485 0.996034 0.087789 -0.000992 -0.087784 0.996139
1413394908.805760 -0.016308 0.026624 -0.022504 0.999977 -0.006614 0.001792 0.006465 0.997298 0.073174 -0.002271 -0.073161 0.997318
1413394908.855761 -0.014549 0.026859 -0.027824 0.999989 -0.004110 0.002286 0.003940 0.997557 0.069744 -0.002567 -0.069735 0.997562
1413394908.905761 -0.012469 0.030186 -0.015846 0.999980 0.004106 0.004863 -0.004351 0.998662 0.051532 -0.004645 -0.051552 0.998660
1413394908.955760 -0.010337 0.030908 -0.015695 0.999887 0.012981 0.007559 -0.013362 0.998517 0.052777 -0.006863 -0.052872 0.998578
1413394909.005760 -0.006209 0.017426 -0.014929 0.999703 0.022243 0.009986 -0.022487 0.999434 0.025018 -0.009424 -0.025235 0.999637
1413394909.055760 -0.012962 0.038136 -0.001969 0.999774 0.019216 0.009069 -0.019077 0.999702 -0.015204 -0.009358 0.015028 0.999843
1413394909.105761 -0.006877 0.026980 0.002174 0.999808 0.018504 0.006498 -0.018199 0.998855 -0.044240 -0.007310 0.044113 0.999000
1413394909.155761 -0.008899 0.022022 0.014650 0.999790 0.019934 0.004711 -0.019591 0.997751 -0.064095 -0.005979 0.063989 0.997933
1413394909.205760 -0.008288 0.027595 0.018943 0.999964 0.005886 -0.006055 -0.006306 0.997389 -0.071945 0.005615 0.071981 0.997390
1413394909.255760 -0.013593 0.015618 0.023232 0.999912 0.005748 -0.011979 -0.006682 0.996817 -0.079439 0.011484 0.079512 0.996768
1413394909.305760 -0.008951 0.024171 0.022717 0.999841 0.006376 -0.016654 -0.007478 0.997727 -0.066975 0.016189 0.067089 0.997616
1413394909.355761 -0.009209 0.016348 0.022469 0.999678 0.015082 -0.020398 -0.016185 0.998353 -0.055038 0.019534 0.055350 0.998276
1413394909.405761 -0.014068 0.010243 0.014982 0.999564 0.019770 -0.021941 -0.020487 0.999247 -0.032942 0.021273 0.033378 0.999216
1413394909.455760 -0.012919 0.005482 0.011251 0.999491 0.019927 -0.024919 -0.020144 0.999761 -0.008496 0.024744 0.008993 0.999653
1413394909.505760 -0.018587 0.013623 0.003833 0.999439 0.022054 -0.025186 -0.021682 0.999653 0.014965 0.025507 -0.014411 0.999571
1413394909.555760 -0.018457 0.014977 0.001529 0.999444 0.024765 -0.022315 -0.024018 0.999162 0.033129 0.023117 -0.032575 0.999202
1413394909.605761 -0.019942 0.017825 -0.002037 0.999555 0.023038 -0.018933 -0.022221 0.998858 0.042296 0.019886 -0.041856 0.998926
1413394909.655761 -0.018756 0.016592 -0.003878 0.999654 0.020063 -0.016996 -0.019314 0.998884 0.043111 0.017841 -0.042768 0.998926
1413394909.705760 -0.025106 0.018685 -0.004491 0.999811 0.007655 -0.017875 -0.006827 0.998921 0.045942 0.018207 -0.045811 0.998784
1413394909.755760 -0.026636 0.022022 -0.007683 0.999864 -0.002052 -0.016338 0.002916 0.998588 0.053041 0.016206 -0.053082 0.998459
1413394909.805760 -0.016306 0.026807 -0.003616 0.999684 -0.014859 -0.020277 0.015835 0.998681 0.048836 0.019525 -0.049141 0.998601
1413394909.855761 -0.031650 0.018089 -0.003161 0.999802 -0.014811 -0.013263 0.015508 0.998414 0.054120 0.012440 -0.054315 0.998446
1413394909.905761 -0.028947 0.011453 0.002462 0.999882 -0.011609 -0.010016 0.011981 0.999207 0.037981 0.009567 -0.038097 0.999228
1413394909.955760 -0.033944 -0.003010 0.006319 0.999832 -0.016300 -0.008326 0.016414 0.999770 0.013794 0.008100 -0.013928 0.999870
1413394910.005760 -0.032692 0.006541 0.012750 0.999772 -0.019889 -0.007783 0.019628 0.999287 -0.032245 0.008419 0.032084 0.999450
1413394910.055760 -0.029023 -0.000755 0.016670 0.999783 -0.019935 -0.006043 0.019624 0.998672 -0.047640 0.006985 0.047511 0.998846
1413394910.105761 -0.028574 0.006870 0.022371 0.999894 -0.014390 -0.002263 0.014223 0.998008 -0.061471 0.003143 0.061432 0.998106
1413394910.155761 -0.028169 -0.005195 0.025821 0.999979 -0.006521 0.000291 0.006527 0.998080 -0.061600 0.000111 0.061600 0.998101
1413394910.205760 -0.028964 -0.005065 0.019342 0.999996 0.000396 0.002751 -0.000223 0.998039 -0.062602 -0.002771 0.062601 0.998035
1413394910.255760 -0.029152 -0.005356 0.016449 0.999987 0.002210 0.004530 -0.001940 0.998267 -0.058813 -0.004652 0.058803 0.998259
1413394910.305760 -0.028464 -0.006855 0.015397 0.999988 0.001719 0.004564 -0.001486 0.998724 -0.050479 -0.004645 0.050471 0.998715
1413394910.355761 -0.030361 -0.002116 0.012168 0.999976 0.004024 0.005615 -0.003803 0.999243 -0.038717 -0.005767 0.038695 0.999234
1413394910.405761 -0.026905 -0.006448 0.004366 0.999977 0.003632 0.005698 -0.003455 0.999518 -0.030848 -0.005808 0.030827 0.999508
1413394910.455760 -0.026067 -0.013339 -0.003496 0.999994 -0.000296 0.003510 0.000371 0.999772 -0.021347 -0.003503 0.021348 0.999766
1413394910.505760 -0.023419 -0.011223 -0.010932 0.999990 -0.003483 0.002641 0.003451 0.999919 0.012249 -0.002683 -0.012240 0.999921
1413394910.555760 -0.025033 0.000626 -0.013739 0.999976 -0.006859 0.000689 0.006822 0.998973 0.044802 -0.000996 -0.044796 0.998996
1413394910.605761 -0.022889 0.002937 -0.016729 0.999958 -0.009181 -0.000654 0.009204 0.997484 0.070298 0.000007 -0.070301 0.997526
1413394910.655761 -0.021133 0.005778 -0.019850 0.999997 -0.000677 0.002140 0.000486 0.996137 0.087813 -0.002191 -0.087811 0.996135
1413394910.705760 -0.023942 0.003747 -0.020053 0.999995 -0.001128 0.002847 0.000887 0.996534 0.083180 -0.002931 -0.083177 0.996530
1413394910.755760 -0.020284 -0.005953 -0.021748 0.999967 0.005907 0.005506 -0.006301 0.997192 0.074621 -0.005049 -0.074653 0.997197
1413394910.805760 -0.030288 0.012284 -0.013236 0.999863 0.013449 0.009696 -0.013995 0.998184 0.058584 -0.008891 -0.058712 0.998235
1413394910.855761 -0.021694 -0.003082 -0.008112 0.999872 0.013295 0.008846 -0.013640 0.999104 0.040060 -0.008306 -0.040175 0.999158
1413394910.905761 -0.024988 -0.002251 -0.001417 0.999896 0.012384 0.007377 -0.012584 0.999535 0.027788 -0.007030 -0.027878 0.999587
1413394910.955760 -0.017557 -0.006536 0.001346 0.999854 0.015123 0.007922 -0.015268 0.999710 0.018601 -0.007639 -0.018720 0.999796
1413394911.005760 -0.018207 -0.010803 0.011607 0.999819 0.016561 0.009380 -0.016573 0.999862 0.001276 -0.009358 -0.001431 0.999955
1413394911.055760 -0.021298 -0.010611 0.018809 0.999905 0.012000 0.006713 -0.011741 0.999231 -0.037406 -0.007157 0.037324 0.999278
1413394911.105761 -0.025119 -0.041076 0.021663 0.999858 -0.016510 -0.003278 0.016307 0.998384 -0.054436 0.004171 0.054375 0.998512
1413394911.155761 -0.023011 -0.020521 0.021887 0.999810 -0.018640 -0.005710 0.018155 0.996964 -0.075720 0.007105 0.075602 0.997113
1413394911.205760 -0.027717 -0.026269 0.026611 0.999733 -0.022095 -0.006762 0.021510 0.996807 -0.076903 0.008440 0.076737 0.997016
1413394911.255760 -0.039087 -0.017786 0.029639 0.999849 -0.016528 -0.005345 0.016102 0.997287 -0.071831 0.006518 0.071735 0.997402
1413394911.305760 -0.043546 -0.021718 0.025930 0.999931 -0.010457 -0.005357 0.010123 0.998208 -0.058982 0.005965 0.058924 0.998245
1413394911.355761 -0.029625 -0.022868 0.017623 0.999928 -0.008898 -0.008016 0.008476 0.998654 -0.051172 0.008461 0.051100 0.998658
1413394911.405761 -0.018201 -0.035308 0.009009 0.999978 -0.002878 -0.006001 0.002660 0.999344 -0.036106 0.006101 0.036089 0.999330
1413394911.455760 -0.020698 -0.028685 0.002037 0.999983 -0.002240 -0.005307 0.002136 0.999807 -0.019549 0.005350 0.019537 0.999795
1413394911.505760 -0.022541 -0.023099 -0.001594 0.999985 -0.002112 -0.004972 0.002040 0.999895 -0.014323 0.005002 0.014312 0.999885
1413394911.555760 -0.021532 -0.021962 -0.006844 0.999978 0.001365 -0.006524 -0.001304 0.999956 0.009316 0.006537 -0.009307 0.999935
1413394911.605761 -0.018756 -0.018009 -0.012115 0.999966 0.004282 -0.007003 -0.004049 0.999453 0.032823 0.007140 -0.032794 0.999437
1413394911.655761 -0.020414 -0.013159 -0.015398 0.999958 0.004257 -0.008131 -0.003796 0.998432 0.055848 0.008356 -0.055815 0.998406
1413394911.705760 -0.022097 -0.014340 -0.016483 0.999945 0.006265 -0.008397 -0.005626 0.997232 0.074143 0.008838 -0.074092 0.997212
1413394911.755760 -0.017160 -0.012298 -0.019543 0.999953 0.007098 -0.006530 -0.006569 0.996950 0.077768 0.007062 -0.077722 0.996950
1413394911.805760 -0.017161 -0.009637 -0.010114 0.999980 0.001663 -0.006120 -0.001221 0.997436 0.071553 0.006223 -0.071544 0.997418
1413394911.855761 -0.017400 -0.003921 -0.005305 0.999973 0.004116 -0.006081 -0.003737 0.998129 0.061024 0.006321 -0.061000 0.998118
1413394911.905761 -0.019248 -0.007343 0.008444 0.999991 0.002484 -0.003488 -0.002351 0.999288 0.037660 0.003579 -0.037652 0.999285
1413394911.955760 -0.012851 -0.007794 0.003348 0.999984 -0.002751 -0.004982 0.002761 0.999994 0.002014 0.004976 -0.002028 0.999986
1413394912.005760 -0.010874 -0.009302 0.007478 0.999988 -0.001691 -0.004617 0.001544 0.999501 -0.031539 0.004668 0.031531 0.999492
1413394912.055760 -0.005861 -0.007495 0.006048 0.999993 -0.001829 -0.003131 0.001653 0.998473 -0.055210 0.003227 0.055204 0.998470
1413394912.105761 -0.007383 -0.006705 0.016021 0.999993 -0.000946 -0.003660 0.000685 0.997498 -0.070695 0.003718 0.070692 0.997491
1413394912.155761 -0.007865 -0.011649 0.016598 0.999975 -0.000987 -0.007041 0.000509 0.997712 -0.067603 0.007092 0.067597 0.997687
1413394912.205760 -0.004824 -0.006328 0.014316 0.999948 0.001553 -0.010063 -0.002115 0.998423 -0.056094 0.009960 0.056112 0.998375
1413394912.255760 -0.006644 -0.006975 0.014460 0.999896 0.000553 -0.014436 -0.001159 0.999115 -0.042048 0.014400 0.042061 0.999011
1413394912.305760 -0.002909 -0.005885 0.010689 0.999841 0.005139 -0.017090 -0.005652 0.999530 -0.030146 0.016927 0.030238 0.999399
1413394912.355761 -0.005193 -0.000669 0.009620 0.999802 0.004979 -0.019289 -0.005351 0.999800 -0.019277 0.019189 0.019376 0.999628
1413394912.405761 -0.003347 0.003541 0.003878 0.999677 0.015981 -0.019781 -0.016210 0.999803 -0.011454 0.019594 0.011771 0.999739
1413394912.455760 -0.004061 0.011569 0.000534 0.999578 0.020512 -0.020589 -0.020588 0.999782 -0.003478 0.020513 0.003901 0.999782
1413394912.505760 -0.001939 0.014401 -0.002910 0.999568 0.020511 -0.021073 -0.020310 0.999746 0.009729 0.021267 -0.009297 0.999731
1413394912.555760 -0.002615 0.016660 -0.007654 0.999443 0.027463 -0.018962 -0.027041 0.999389 0.022154 0.019559 -0.021629 0.999575
1413394912.605761 -0.003365 0.018246 -0.011949 0.999476 0.025335 -0.020167 -0.024718 0.999236 0.030287 0.020919 -0.029772 0.999338
1413394912.655761 0.003848 0.020764 -0.012389 0.999403 0.028064 -0.020166 -0.027368 0.999048 0.033985 0.021100 -0.033412 0.999219
1413394912.705760 0.003964 0.020346 -0.014316 0.999485 0.025893 -0.018973 -0.025365 0.999299 0.027550 0.019673 -0.027054 0.999440
1413394912.755760 0.009937 0.022436 -0.016724 0.999529 0.022313 -0.021070 -0.021826 0.999496 0.023062 0.021574 -0.022591 0.999512
1413394912.805760 0.005642 0.020381 -0.017461 0.999644 0.020158 -0.017454 -0.019903 0.999695 0.014634 0.017744 -0.014281 0.999741
1413394912.855761 0.007460 0.020846 -0.018251 0.999810 0.013284 -0.014272 -0.013155 0.999872 0.009123 0.014391 -0.008933 0.999857
1413394912.905761 0.005917 0.022755 -0.015431 0.999890 0.003752 -0.014329 -0.003693 0.999984 0.004186 0.014345 -0.004133 0.999889
1413394912.955760 0.002416 0.017664 -0.019113 0.999785 -0.011063 -0.017550 0.011076 0.999938 0.000609 0.017542 -0.000804 0.999846
1413394913.005760 -0.004932 0.014366 -0.019803 0.999766 -0.015352 -0.015222 0.015389 0.999879 0.002282 0.015185 -0.002516 0.999882
1413394913.055760 0.001900 0.022023 -0.020845 0.999783 -0.015536 -0.013866 0.015541 0.999879 0.000315 0.013859 -0.000531 0.999904
1413394913.105761 0.000196 0.016572 -0.017915 0.999858 -0.013083 -0.010650 0.013103 0.999913 0.001780 0.010625 -0.001920 0.999942
1413394913.155761 -0.002649 0.017593 -0.018374 0.999935 -0.010761 -0.003866 0.010767 0.999941 0.001409 0.003850 -0.001451 0.999992
1413394913.205760 0.001342 0.012867 -0.019981 0.999964 -0.008155 0.002344 0.008149 0.999964 0.002508 -0.002365 -0.002489 0.999994
1413394913.255760 0.001519 0.019433 -0.016010 0.999915 -0.008857 0.009614 0.008832 0.999958 0.002604 -0.009637 -0.002519 0.999950
1413394913.305760 0.012113 0.016217 -0.014617 0.999796 -0.007992 0.018568 0.007818 0.999925 0.009435 -0.018642 -0.009288 0.999783
1413394913.355761 0.002374 0.015683 -0.011793 0.999651 -0.008958 0.024834 0.008600 0.999858 0.014500 -0.024960 -0.014281 0.999586
1413394913.405761 0.009371 0.018495 -0.016332 0.999518 -0.013106 0.028138 0.012852 0.999875 0.009203 -0.028255 -0.008837 0.999562
1413394913.455760 0.011156 0.019862 -0.013552 0.999304 -0.016424 0.033497 0.016166 0.999838 0.007966 -0.033622 -0.007418 0.999407
1413394913.505760 0.012852 0.017472 -0.016263 0.999120 -0.021832 0.035821 0.021613 0.999745 0.006477 -0.035953 -0.005697 0.999337
1413394913.555760 0.012609 0.009693 -0.015756 0.998955 -0.029161 0.035203 0.028958 0.999561 0.006271 -0.035371 -0.005245 0.999360
1413394913.605761 0.011675 0.012355 -0.017850 0.998809 -0.031240 0.037475 0.031044 0.999501 0.005815 -0.037638 -0.004644 0.999281
1413394913.655761 0.011741 0.005304 -0.012650 0.998712 -0.032531 0.038939 0.032397 0.999467 0.004072 -0.039051 -0.002806 0.999233
1413394913.705760 0.016529 0.001798 -0.017085 0.998782 -0.026234 0.041786 0.026420 0.999643 -0.003912 -0.041669 0.005011 0.999119
1413394913.755760 0.025687 0.003763 -0.016517 0.998796 -0.020057 0.044768 0.020511 0.999743 -0.009706 -0.044561 0.010612 0.998950
1413394913.805760 0.030862 0.000202 -0.021825 0.998810 -0.011068 0.047498 0.011531 0.999889 -0.009480 -0.047388 0.010016 0.998826
1413394913.855761 0.025158 -0.003886 -0.019394 0.998707 -0.000895 0.050830 0.001381 0.999954 -0.009522 -0.050819 0.009580 0.998662
1413394913.905761 0.027553 -0.008723 -0.022809 0.998731 0.002709 0.050284 -0.002355 0.999972 -0.007111 -0.050302 0.006984 0.998710
1413394913.955760 0.032500 -0.014561 -0.024248 0.998864 0.004647 0.047422 -0.004677 0.999989 0.000505 -0.047419 -0.000726 0.998875
1413394914.005760 0.025783 -0.007741 -0.025527 0.998862 0.002730 0.047626 -0.002803 0.999995 0.001470 -0.047621 -0.001601 0.998864
1413394914.055760 0.025650 -0.011157 -0.031685 0.999043 -0.003312 0.043614 0.003126 0.999986 0.004323 -0.043627 -0.004183 0.999039
1413394914.105761 0.025131 -0.008122 -0.032220 0.999089 -0.010026 0.041489 0.009806 0.999937 0.005497 -0.041541 -0.005085 0.999124
1413394914.155761 0.022404 -0.011692 -0.033381 0.999088 -0.018917 0.038275 0.018690 0.999806 0.006280 -0.038386 -0.005559 0.999248
1413394914.205760 0.016412 0.003638 -0.030732 0.999004 -0.023191 0.038125 0.022967 0.999716 0.006303 -0.038260 -0.005421 0.999253
1413394914.255760 0.025782 0.000359 -0.032775 0.999014 -0.026543 0.035577 0.026388 0.999640 0.004826 -0.035692 -0.003883 0.999355
1413394914.305760 0.027032 0.001495 -0.032551 0.999047 -0.022804 0.037203 0.022509 0.999712 0.008335 -0.037383 -0.007490 0.999273
1413394914.355761 0.030663 0.001392 -0.037096 0.999096 -0.024710 0.034597 0.024451 0.999670 0.007881 -0.034781 -0.007028 0.999370
1413394914.405761 0.027795 0.013852 -0.031679 0.999111 -0.023242 0.035171 0.023020 0.999713 0.006682 -0.035316 -0.005866 0.999359
1413394914.455760 0.028397 0.024603 -0.029792 0.999217 -0.018948 0.034726 0.018768 0.999809 0.005506 -0.034824 -0.004850 0.999382
1413394914.505760 0.027280 0.023258 -0.031785 0.999348 -0.019164 0.030598 0.018890 0.999779 0.009200 -0.030767 -0.008616 0.999489
1413394914.555760 0.028486 0.026228 -0.031774 0.999477 -0.007079 0.031554 0.007079 0.999975 0.000122 -0.031555 0.000102 0.999502
1413394914.605761 0.030471 0.024676 -0.032051 0.999522 0.005253 0.030469 -0.005412 0.999972 0.005137 -0.030441 -0.005299 0.999523
1413394914.655761 0.033328 0.022848 -0.034737 0.999538 0.009175 0.028975 -0.009247 0.999954 0.002353 -0.028952 -0.002620 0.999577
1413394914.705760 0.032242 0.020392 -0.035447 0.999638 0.004791 0.026476 -0.004880 0.999983 0.003266 -0.026460 -0.003394 0.999644
1413394914.755760 0.035187 0.016570 -0.037797 0.999600 0.008592 0.026939 -0.008655 0.999960 0.002189 -0.026919 -0.002422 0.999635
1413394914.805760 0.030341 0.015137 -0.039282 0.999677 0.002356 0.025288 -0.002444 0.999991 0.003458 -0.025279 -0.003519 0.999674
1413394914.855761 0.031694 0.012438 -0.040473 0.999752 -0.002786 0.022096 0.002776 0.999996 0.000468 -0.022097 -0.000407 0.999756
1413394914.905761 0.029382 0.006336 -0.038702 0.999761 -0.012062 0.018245 0.011977 0.999917 0.004753 -0.018301 -0.004533 0.999822
1413394914.955760 0.029992 0.003392 -0.040833 0.999731 -0.014378 0.018189 0.014267 0.999879 0.006247 -0.018277 -0.005986 0.999815
1413394915.005760 0.030631 0.002007 -0.044367 0.999671 -0.019289 0.016878 0.019172 0.999791 0.007063 -0.017011 -0.006737 0.999833
1413394915.055760 0.030072 -0.000094 -0.045088 0.999521 -0.025404 0.017703 0.025205 0.999618 0.011345 -0.017985 -0.010893 0.999779
1413394915.105761 0.030471 0.001352 -0.043254 0.999439 -0.026295 0.020749 0.026086 0.999607 0.010296 -0.021011 -0.009749 0.999732
1413394915.155761 0.024568 -0.000073 -0.047182 0.999283 -0.027881 0.025618 0.027813 0.999609 0.003019 -0.025692 -0.002304 0.999667
1413394915.205760 0.035156 0.004157 -0.041686 0.999235 -0.030247 0.024786 0.030131 0.999533 0.005058 -0.024927 -0.004307 0.999680
1413394915.255760 0.033768 0.005238 -0.042022 0.999230 -0.027856 0.027635 0.027762 0.999607 0.003782 -0.027730 -0.003012 0.999611
1413394915.305760 0.037468 0.010450 -0.040029 0.999241 -0.025169 0.029732 0.024986 0.999667 0.006526 -0.029886 -0.005778 0.999537
1413394915.355761 0.042228 0.011383 -0.040196 0.999308 -0.022589 0.029536 0.022372 0.999720 0.007661 -0.029701 -0.006995 0.999534
1413394915.405761 0.044254 0.011187 -0.041789 0.999300 -0.019135 0.032138 0.018809 0.999769 0.010430 -0.032331 -0.009818 0.999429
1413394915.455760 0.048843 0.019683 -0.041408 0.999353 -0.018329 0.030932 0.018056 0.999796 0.009089 -0.031093 -0.008524 0.999480
1413394915.505760 0.051371 0.016644 -0.040201 0.999350 -0.015559 0.032526 0.015153 0.999805 0.012691 -0.032717 -0.012190 0.999390
1413394915.555760 0.055028 0.022786 -0.040830 0.999202 -0.002843 0.039832 0.002158 0.999850 0.017214 -0.039875 -0.017114 0.999058
1413394915.605761 0.065651 0.030301 -0.046221 0.998954 0.012829 0.043892 -0.013592 0.999761 0.017126 -0.043662 -0.017704 0.998889
1413394915.655761 0.060126 0.017811 -0.042541 0.998355 0.022116 0.052902 -0.023124 0.999561 0.018519 -0.052469 -0.019712 0.998428
1413394915.705760 0.058654 0.014021 -0.044102 0.998241 0.020346 0.055690 -0.021304 0.999634 0.016660 -0.055330 -0.017817 0.998309
1413394915.755760 0.057979 0.009249 -0.044202 0.998306 0.015227 0.056146 -0.016079 0.999762 0.014763 -0.055907 -0.015640 0.998313
1413394915.805760 0.065710 0.015176 -0.043847 0.998680 0.002543 0.051293 -0.003656 0.999760 0.021623 -0.051226 -0.021782 0.998450
1413394915.855761 0.054315 0.013710 -0.044021 0.998719 -0.000927 0.050597 -0.000246 0.999731 0.023185 -0.050605 -0.023168 0.998450
1413394915.905761 0.055674 0.010782 -0.043128 0.998855 -0.006133 0.047442 0.005185 0.999785 0.020081 -0.047555 -0.019812 0.998672
1413394915.955760 0.059634 0.014121 -0.036526 0.998991 -0.008184 0.044149 0.007559 0.999869 0.014324 -0.044260 -0.013976 0.998922
1413394916.005760 0.057756 0.004503 -0.035346 0.999112 -0.003999 0.041938 0.003518 0.999927 0.011540 -0.041981 -0.011383 0.999054
1413394916.055760 0.051342 0.009808 -0.037884 0.999185 -0.005662 0.039967 0.005465 0.999972 0.005016 -0.039995 -0.004794 0.999188
1413394916.105761 0.049038 0.007010 -0.033230 0.999307 -0.000185 0.037213 -0.000074 0.999976 0.006964 -0.037213 -0.006962 0.999283
1413394916.155761 0.045670 0.012437 -0.031725 0.999443 -0.004740 0.033043 0.005013 0.999954 -0.008172 -0.033003 0.008334 0.999421
1413394916.205760 0.048387 0.008502 -0.029462 0.999470 -0.003101 0.032403 0.003875 0.999708 -0.023852 -0.032320 0.023965 0.999190
1413394916.255760 0.047382 0.005573 -0.025986 0.999539 -0.004582 0.030003 0.005350 0.999659 -0.025559 -0.029875 0.025708 0.999223
1413394916.305760 0.047457 0.008117 -0.025240 0.999505 -0.004734 0.031110 0.005664 0.999538 -0.029865 -0.030954 0.030027 0.999070
1413394916.355761 0.047596 0.010475 -0.022501 0.999395 0.006185 0.034214 -0.005359 0.999693 -0.024200 -0.034353 0.024003 0.999121
1413394916.405761 0.044744 0.013541 -0.022795 0.999178 0.013752 0.038140 -0.012942 0.999687 -0.021388 -0.038423 0.020877 0.999043
1413394916.455760 0.045255 0.006889 -0.024771 0.998827 0.025750 0.041016 -0.025029 0.999525 -0.017984 -0.041459 0.016937 0.998997
1413394916.505760 0.044943 0.005090 -0.020785 0.998833 0.024701 0.041507 -0.024104 0.999600 -0.014817 -0.041856 0.013799 0.999028
1413394916.555760 0.043416 0.005307 -0.022818 0.998684 0.028598 0.042578 -0.028417 0.999584 -0.004846 -0.042699 0.003630 0.999081
1413394916.605761 0.034425 -0.002270 -0.029211 0.998276 0.033190 0.048400 -0.033450 0.999430 0.004566 -0.048221 -0.006177 0.998818
1413394916.655761 0.026429 -0.015364 -0.021641 0.998420 0.026245 0.049681 -0.026614 0.999623 0.006793 -0.049484 -0.008104 0.998742
1413394916.705760 0.023835 -0.012955 -0.023385 0.998769 0.011836 0.048180 -0.011539 0.999913 -0.006427 -0.048252 0.005863 0.998818
1413394916.755760 0.011610 -0.013428 -0.031250 0.999021 -0.013660 0.042074 0.014077 0.999855 -0.009618 -0.041937 0.010201 0.999068
1413394916.855761 0.074339 -0.110882 -0.053726 0.995613 -0.052510 0.077442 0.055482 0.997784 -0.036733 -0.075341 0.040869 0.996320
1413394916.955760 0.033731 -0.101656 -0.058966 0.994082 -0.076541 0.077083 0.079974 0.995892 -0.042469 -0.073515 0.048382 0.996120
1413394917.055760 -0.011718 -0.063257 -0.052745 0.992445 -0.106729 0.060510 0.108515 0.993727 -0.027029 -0.057246 0.033391 0.997802
1413394917.155761 0.045039 -0.112821 -0.056006 0.993867 -0.096347 0.054268 0.097290 0.995143 -0.014994 -0.052559 0.020181 0.998414
1413394917.255760 -0.022811 -0.048758 -0.048584 0.994427 -0.080599 0.067965 0.082452 0.996283 -0.024921 -0.065703 0.030386 0.997376
1413394917.355761 0.013737 -0.076077 -0.049776 0.996967 -0.058229 0.051634 0.058419 0.998290 -0.002189 -0.051418 0.005198 0.998664
1413394917.455760 -0.030924 -0.025285 -0.067437 0.998481 -0.027494 0.047744 0.027784 0.999599 -0.005425 -0.047576 0.006743 0.998845
1413394917.555760 -0.079349 0.036876 -0.071884 0.999080 -0.036640 0.022301 0.036213 0.999158 0.019264 -0.022988 -0.018438 0.999566
1413394917.655761 -0.065914 0.000047 -0.087619 0.999019 -0.043810 0.006490 0.043579 0.998526 0.032357 -0.007898 -0.032043 0.999455
1413394917.755760 -0.033215 0.021595 -0.092770 0.999756 -0.021679 -0.004307 0.021752 0.999605 0.017780 0.003920 -0.017870 0.999833
1413394917.855761 -0.010662 0.013105 -0.093481 0.998968 -0.043367 -0.013536 0.043626 0.998858 0.019491 0.012675 -0.020061 0.999718
1413394917.955760 -0.008728 0.040923 -0.101655 0.999252 -0.038291 0.005466 0.038257 0.999248 0.006271 -0.005702 -0.006057 0.999965
1413394918.055760 0.027104 0.035322 -0.089041 0.999669 -0.007972 0.024449 0.007920 0.999966 0.002242 -0.024466 -0.002047 0.999699
1413394918.155761 0.050648 0.031232 -0.092234 0.997305 0.048841 0.054744 -0.048900 0.998804 -0.000264 -0.054691 -0.002414 0.998500
1413394918.255760 0.064191 0.031858 -0.097938 0.996187 0.056842 0.066184 -0.057034 0.998372 0.001017 -0.066018 -0.004788 0.997807
1413394918.355761 0.057863 0.034263 -0.102407 0.995286 0.067458 0.069674 -0.066346 0.997632 -0.018155 -0.070734 0.013447 0.997405
1413394918.455760 0.068791 0.046826 -0.107623 0.997372 0.044874 0.056874 -0.044299 0.998954 -0.011317 -0.057323 0.008768 0.998317
1413394918.555760 0.021902 0.041324 -0.119933 0.998589 0.001114 0.053090 -0.001422 0.999982 0.005773 -0.053083 -0.005840 0.998573
1413394918.655761 0.022201 0.053377 -0.124878 0.998608 -0.037516 0.037082 0.037502 0.999296 0.001077 -0.037097 0.000315 0.999312
1413394918.755760 -0.017757 0.034032 -0.124207 0.997233 -0.065981 0.034243 0.065721 0.997800 0.008654 -0.034739 -0.006380 0.999376
1413394918.855761 0.005538 0.034122 -0.133074 0.997318 -0.072022 0.013029 0.071662 0.997083 0.026269 -0.014883 -0.025265 0.999570
1413394918.955760 -0.028563 0.040506 -0.116587 0.998263 -0.053957 0.023677 0.052785 0.997470 0.047616 -0.026186 -0.046284 0.998585
1413394919.055760 -0.042289 0.058271 -0.097479 0.998949 -0.010818 0.044539 0.009209 0.999303 0.036179 -0.044899 -0.035731 0.998352
1413394919.155761 -0.030914 0.063512 -0.090475 0.998607 0.004341 0.052588 -0.005999 0.999488 0.031415 -0.052425 -0.031687 0.998122
1413394919.255760 -0.053785 0.071161 -0.051064 0.997622 0.001489 0.068904 -0.003888 0.999390 0.034694 -0.068810 -0.034880 0.997020
1413394919.355761 -0.030856 0.075769 -0.058329 0.997863 -0.030869 0.057596 0.029125 0.999099 0.030867 -0.058497 -0.029124 0.997863
1413394919.455760 -0.054932 0.072852 -0.044702 0.997078 -0.058132 0.049569 0.057053 0.998108 0.022928 -0.050808 -0.020033 0.998507
1413394919.555760 -0.050201 0.126406 -0.050353 0.997782 -0.036993 0.055347 0.039790 0.997940 -0.050316 -0.053372 0.052406 0.997199
1413394919.655761 -0.012285 0.063449 -0.003557 0.997609 -0.005227 0.068912 0.009275 0.998241 -0.058554 -0.068485 0.059053 0.995903
1413394919.755760 -0.004504 0.038935 -0.017013 0.996591 0.027429 0.077802 -0.023130 0.998183 -0.055638 -0.079186 0.053648 0.995415
1413394919.855761 -0.013979 0.099816 0.001896 0.994261 0.059596 0.088841 -0.052793 0.995629 -0.077045 -0.093044 0.071913 0.993062
1413394919.955760 0.016106 0.037304 -0.016235 0.997020 0.002029 0.077113 0.000526 0.999452 -0.033093 -0.077138 0.033034 0.996473
1413394920.055760 -0.034718 0.006748 -0.027606 0.996488 -0.021471 0.080935 0.023087 0.999551 -0.019082 -0.080489 0.020884 0.996537
1413394920.155761 -0.024223 -0.009429 -0.059754 0.996936 -0.023589 0.074576 0.024763 0.999583 -0.014861 -0.074194 0.016662 0.997105
1413394920.255760 -0.015706 -0.002623 -0.043585 0.996098 -0.045004 0.075916 0.045933 0.998889 -0.010539 -0.075358 0.013985 0.997058
1413394920.355761 -0.027221 -0.004659 -0.052888 0.996058 -0.063725 0.061698 0.062797 0.997884 0.016874 -0.062643 -0.012933 0.997952
1413394920.455760 -0.048899 -0.014372 -0.073505 0.996436 -0.053365 0.065321 0.052085 0.998419 0.021143 -0.066346 -0.017665 0.997640
1413394920.555760 -0.013755 -0.006954 -0.062345 0.997293 -0.063216 0.037568 0.062060 0.997586 0.031168 -0.039448 -0.028752 0.998808
1413394920.655761 -0.000376 -0.023886 -0.041429 0.997834 -0.062429 0.020755 0.062080 0.997926 0.017040 -0.021776 -0.015714 0.999639
1413394920.755760 0.017810 0.002051 -0.066866 0.999231 -0.037851 0.010221 0.037797 0.999270 0.005497 -0.010422 -0.005106 0.999933
1413394920.855761 -0.022069 0.074945 -0.115117 0.999881 0.006506 0.013954 -0.006385 0.999942 -0.008674 -0.014009 0.008584 0.999865
1413394920.955760 0.040717 0.048026 -0.082640 0.999863 0.016097 0.003754 -0.016071 0.999847 -0.006834 -0.003863 0.006773 0.999970
1413394921.055760 0.043096 0.033728 -0.089048 0.999232 0.038944 0.004333 -0.038901 0.999197 -0.009638 -0.004705 0.009462 0.999944
1413394921.155761 0.049737 0.026175 -0.090733 0.998467 0.055136 0.004798 -0.055206 0.998348 0.015933 -0.003912 -0.016173 0.999862
1413394921.255760 0.065222 0.008435 -0.106050 0.998121 0.061150 0.003872 -0.061201 0.998015 0.014841 -0.002957 -0.015050 0.999882
1413394921.355761 0.071149 0.037481 -0.111920 0.994224 0.106569 0.012718 -0.106146 0.993889 -0.030293 -0.015868 0.028768 0.999460
1413394921.455760 0.043254 -0.004981 -0.107733 0.996100 0.087799 0.008742 -0.087647 0.996016 -0.016435 -0.010151 0.015605 0.999827
1413394921.555760 0.030541 -0.014369 -0.127690 0.999819 0.006954 -0.017718 -0.007235 0.999849 -0.015798 0.017606 0.015923 0.999718
1413394921.655761 0.016361 -0.012518 -0.141367 0.996150 -0.076924 -0.042037 0.077823 0.996763 0.020192 0.040348 -0.023386 0.998912
1413394921.755760 0.004285 -0.005889 -0.122642 0.995101 -0.089160 -0.042711 0.090683 0.995259 0.035168 0.039373 -0.038869 0.998468
1413394921.855761 -0.000846 0.004177 -0.141653 0.998642 -0.050743 -0.011818 0.051205 0.997771 0.042781 0.009621 -0.043328 0.999015
1413394921.955760 0.011662 -0.007402 -0.119057 0.999328 0.004877 0.036324 -0.007179 0.997955 0.063523 -0.035940 -0.063741 0.997319
1413394922.055760 0.003059 0.019810 -0.129795 0.997736 0.027079 0.061553 -0.029141 0.999035 0.032855 -0.060604 -0.034575 0.997563
