1413394904.605761 -0.022106 -0.008844 -0.067500 0.989876 0.040176 -0.136127 -0.035052 0.998591 0.039831 0.137536 -0.034657 0.989890
1413394904.655761 -0.006357 0.000843 -0.025679 0.998856 0.017054 -0.044668 -0.016023 0.999599 0.023348 0.045048 -0.022606 0.998729
1413394904.705760 -0.005183 0.001575 -0.027038 0.998851 0.019644 -0.043710 -0.018846 0.999649 0.018604 0.044060 -0.017758 0.998871
1413394904.755760 -0.004045 0.002811 -0.027646 0.998933 0.013329 -0.044219 -0.012687 0.999811 0.014761 0.044407 -0.014185 0.998913
1413394904.805760 -0.002838 0.003506 -0.027711 0.998901 0.014986 -0.044402 -0.014294 0.999772 0.015863 0.044629 -0.015211 0.998888
1413394904.855761 -0.013386 0.010079 -0.137813 0.973138 0.084438 -0.214179 -0.066104 0.993620 0.091377 0.220528 -0.074764 0.972511
1413394904.905761 -0.001470 0.005204 -0.027282 0.998951 0.013825 -0.043664 -0.013062 0.999758 0.017694 0.043898 -0.017105 0.998890
1413394904.955760 0.000031 0.005500 -0.025460 0.998996 0.014155 -0.042507 -0.013145 0.999627 0.023934 0.042830 -0.023351 0.998809
1413394905.005760 0.001048 0.005746 -0.023586 0.998962 0.017110 -0.042209 -0.015931 0.999478 0.028113 0.042668 -0.027412 0.998713
1413394905.055760 0.002101 0.005883 -0.020907 0.999057 0.018635 -0.039211 -0.017517 0.999436 0.028657 0.039723 -0.027943 0.998820
1413394905.105761 0.015488 0.021731 -0.114751 0.975416 0.090183 -0.201075 -0.064895 0.989519 0.128998 0.210601 -0.112777 0.971045
1413394905.155761 0.002977 0.004615 -0.013502 0.999131 0.020500 -0.036280 -0.019956 0.999684 0.015296 0.036582 -0.014558 0.999225
1413394905.205760 0.002859 0.001855 -0.008263 0.999220 0.022837 -0.032209 -0.023190 0.999675 -0.010629 0.031956 0.011368 0.999425
1413394905.255760 0.001809 -0.000358 -0.004013 0.999294 0.020627 -0.031392 -0.021607 0.999280 -0.031197 0.030726 0.031853 0.999020
1413394905.305760 0.010444 0.005921 -0.025588 0.988476 0.082208 -0.127112 -0.092630 0.992612 -0.078370 0.119730 0.089241 0.988787
1413394905.355761 -0.001305 -0.004646 0.000223 0.999662 0.009850 -0.024044 -0.011523 0.997450 -0.070431 0.023289 0.070684 0.997227
1413394905.405761 -0.002060 -0.003618 0.000447 0.999747 0.014015 -0.017599 -0.015256 0.997254 -0.072463 0.016535 0.072713 0.997216
1413394905.455760 -0.006556 -0.009290 -0.000721 0.997926 0.018891 -0.061536 -0.031376 0.977467 -0.208745 0.056206 0.210243 0.976032
1413394905.505760 -0.005561 0.001712 -0.004907 0.999887 0.003448 -0.014616 -0.004321 0.998183 -0.060102 0.014382 0.060158 0.998085
1413394905.555760 -0.007102 0.006112 -0.009128 0.999922 -0.001523 -0.012357 0.000932 0.998863 -0.047659 0.012416 0.047643 0.998787
1413394905.605761 -0.008455 0.012691 -0.014035 0.999854 -0.011370 -0.012743 0.011073 0.999671 -0.023154 0.013002 0.023009 0.999651
1413394905.655761 -0.030124 0.043840 -0.048892 0.998336 -0.030876 -0.048711 0.025291 0.993457 -0.111371 0.051831 0.109954 0.992584
1413394905.705760 -0.010088 0.027675 -0.027615 0.999781 -0.018536 -0.009669 0.018980 0.998662 0.048102 0.008765 -0.048275 0.998796
1413394905.755760 -0.009738 0.030994 -0.033934 0.999940 -0.010246 -0.003974 0.010511 0.997222 0.073740 0.003207 -0.073777 0.997270
1413394905.805760 -0.009747 0.030334 -0.039093 0.999926 -0.011849 -0.002598 0.012024 0.996488 0.082863 0.001607 -0.082888 0.996558
1413394905.855761 -0.038157 0.100959 -0.158386 0.998749 -0.045893 -0.019848 0.049700 0.954617 0.293659 0.005470 -0.294278 0.955704
1413394905.905761 -0.007645 0.024787 -0.043547 0.999992 -0.002458 0.003164 0.002193 0.996699 0.081160 -0.003353 -0.081152 0.996696
1413394905.955760 -0.007265 0.020845 -0.041897 0.999986 -0.003062 0.004318 0.002742 0.997374 0.072369 -0.004528 -0.072356 0.997369
1413394906.005760 -0.006301 0.018528 -0.037603 0.999944 0.006967 0.007945 -0.007427 0.998210 0.059339 -0.007517 -0.059395 0.998206
1413394906.055760 -0.026141 0.067289 -0.160861 0.999579 0.009751 0.027318 -0.016514 0.965579 0.259586 -0.023847 -0.259928 0.965333
1413394906.105761 -0.005158 0.015538 -0.024069 0.999775 0.018879 0.009643 -0.019187 0.999272 0.032983 -0.009013 -0.033160 0.999409
1413394906.155761 -0.004894 0.017182 -0.016043 0.999540 0.028619 0.010070 -0.028747 0.999505 0.012760 -0.009700 -0.013044 0.999868
1413394906.205760 -0.005800 0.017793 -0.006700 0.999647 0.026389 0.003234 -0.026344 0.999566 -0.013161 -0.003580 0.013072 0.999908
1413394906.255760 -0.020594 0.071994 -0.041470 0.994912 0.097676 0.024701 -0.097233 0.995089 -0.018563 -0.026393 0.016067 0.999523
1413394906.305760 -0.009626 0.015186 0.009468 0.999867 0.013050 -0.009814 -0.013629 0.998021 -0.061382 0.008993 0.061507 0.998066
1413394906.355761 -0.013185 0.011542 0.015293 0.999831 0.009362 -0.015829 -0.010396 0.997729 -0.066551 0.015170 0.066704 0.997657
1413394906.405761 -0.016659 0.007930 0.018036 0.999755 0.000571 -0.022138 -0.002018 0.997858 -0.065388 0.022053 0.065417 0.997614
1413394906.455760 -0.020995 0.002717 0.018654 0.999517 -0.010249 -0.029344 0.008078 0.997287 -0.073166 0.030014 0.072893 0.996888
1413394906.505760 -0.024473 -0.001093 0.016773 0.999132 -0.020358 -0.036356 0.017804 0.997442 -0.069229 0.037672 0.068521 0.996938
1413394906.555760 -0.026606 -0.002389 0.013819 0.999267 -0.009878 -0.036973 0.007574 0.998050 -0.061956 0.037513 0.061630 0.997394
1413394906.605761 -0.027506 -0.002356 0.008775 0.999362 -0.008385 -0.034718 0.006715 0.998827 -0.047943 0.035079 0.047680 0.998247
1413394906.655761 -0.027756 -0.000180 0.002841 0.999295 -0.007077 -0.036863 0.006175 0.999681 -0.024509 0.037025 0.024264 0.999020
1413394906.705760 -0.026815 0.003263 -0.002961 0.999394 0.000836 -0.034810 -0.000669 0.999988 0.004821 0.034814 -0.004795 0.999382
1413394906.755760 -0.025301 0.007021 -0.008819 0.999506 0.004545 -0.031114 -0.003412 0.999333 0.036364 0.031258 -0.036240 0.998854
1413394906.805760 -0.128672 0.012705 -0.022077 0.985764 -0.008904 -0.167897 0.014280 0.999422 0.030839 0.167525 -0.032797 0.985322
1413394906.855761 -0.020515 0.005933 -0.016334 0.999588 0.005703 -0.028123 -0.003764 0.997643 0.068514 0.028447 -0.068380 0.997254
1413394906.905761 -0.017776 0.004735 -0.017644 0.999669 0.010168 -0.023620 -0.008291 0.996900 0.078247 0.024342 -0.078025 0.996654
1413394906.955760 -0.015657 0.003591 -0.015860 0.999725 0.008155 -0.022005 -0.006386 0.996832 0.079273 0.022581 -0.079111 0.996610
1413394907.005760 -0.013530 0.003342 -0.012187 0.999811 0.008280 -0.017572 -0.007042 0.997565 0.069389 0.018104 -0.069252 0.997435
1413394907.055760 -0.078590 0.011058 -0.076162 0.994021 0.055831 -0.093836 -0.018729 0.933834 0.357217 0.107571 -0.353323 0.929296
1413394907.105761 -0.009150 0.003268 0.003600 0.999843 0.016465 -0.006590 -0.016125 0.998684 0.048684 0.007383 -0.048570 0.998793
1413394907.155761 -0.009084 0.003347 0.011671 0.999824 0.018622 -0.002379 -0.018585 0.999717 0.014834 0.002654 -0.014787 0.999887
1413394907.205760 -0.008660 -0.000887 0.021712 0.999961 0.008209 -0.003305 -0.008305 0.999501 -0.030481 0.003053 0.030507 0.999530
1413394907.255760 -0.009100 -0.003366 0.030018 0.999953 0.009513 -0.001653 -0.009591 0.998367 -0.056310 0.001114 0.056323 0.998412
1413394907.305760 -0.049324 -0.017352 0.104306 0.998148 0.059740 -0.011468 -0.060568 0.993526 -0.096118 0.005651 0.096634 0.995304
1413394907.355761 -0.009578 -0.014442 0.040871 0.999904 0.013821 0.000757 -0.013697 0.995883 -0.089606 -0.001992 0.089588 0.995977
1413394907.405761 -0.010863 -0.018059 0.042267 0.999556 0.029728 0.001823 -0.029443 0.995488 -0.090205 -0.004496 0.090112 0.995922
1413394907.455760 -0.012599 -0.021675 0.040330 0.998557 0.053551 0.004128 -0.052972 0.994612 -0.089118 -0.008878 0.088770 0.996013
1413394907.505760 -0.053718 -0.091958 0.152963 0.989102 0.145961 -0.019326 -0.144151 0.933283 -0.328943 -0.029976 0.328144 0.944152
1413394907.555760 -0.021979 -0.023079 0.029397 0.998746 0.049826 -0.004929 -0.050033 0.996897 -0.060767 0.001886 0.060937 0.998140
1413394907.605761 -0.028874 -0.020645 0.022412 0.999472 0.028343 -0.015867 -0.028970 0.998750 -0.040738 0.014692 0.041176 0.999044
1413394907.655761 -0.034922 -0.016785 0.015168 0.999712 0.009610 -0.022010 -0.010125 0.999674 -0.023422 0.021778 0.023638 0.999483
1413394907.705760 -0.040412 -0.011176 0.007525 0.999402 -0.015985 -0.030647 0.016303 0.999815 0.010164 0.030479 -0.010657 0.999479
1413394907.755760 -0.172979 -0.079486 0.070381 0.994357 0.020957 -0.103997 -0.028904 0.996727 -0.075502 0.102074 0.078082 0.991708
1413394907.805760 -0.046949 -0.004317 -0.006372 0.998474 -0.043692 -0.033760 0.045980 0.996468 0.070262 0.030570 -0.071707 0.996957
1413394907.855761 -0.046870 -0.006709 -0.011003 0.998681 -0.042142 -0.029330 0.044408 0.995688 0.081449 0.025771 -0.082644 0.996246
1413394907.905761 -0.045381 -0.010552 -0.013376 0.999184 -0.034222 -0.021459 0.035869 0.996005 0.081772 0.018575 -0.082475 0.996420
1413394907.955760 -0.182511 -0.048354 -0.044035 0.985361 -0.131037 -0.109058 0.158028 0.942057 0.295899 0.063965 -0.308801 0.948973
1413394908.005760 -0.041239 -0.017325 -0.009306 0.999833 -0.016338 -0.008204 0.016796 0.998095 0.059369 0.007218 -0.059497 0.998202
1413394908.055760 -0.038636 -0.019525 -0.005081 0.999982 -0.005768 -0.001833 0.005833 0.999285 0.037349 0.001616 -0.037359 0.999301
1413394908.105761 -0.036169 -0.023886 -0.000660 0.999986 -0.005305 0.000278 0.005305 0.999985 -0.001574 -0.000270 0.001576 0.999999
1413394908.155761 -0.150202 -0.090589 -0.013877 0.999491 -0.030810 -0.008215 0.031232 0.997859 0.057462 0.006427 -0.057689 0.998314
1413394908.205760 -0.031641 -0.029621 0.004488 0.999986 0.000211 0.005245 0.000093 0.998317 -0.058000 -0.005249 0.058000 0.998303
1413394908.255760 -0.029694 -0.031294 0.004102 0.999962 -0.008300 0.002709 0.008468 0.997553 -0.069399 -0.002127 0.069419 0.997585
1413394908.305760 -0.027293 -0.030009 0.003050 0.999982 -0.000377 0.005953 0.000779 0.997705 -0.067700 -0.005914 0.067704 0.997688
1413394908.355761 -0.025219 -0.027562 0.000689 0.999981 -0.000135 0.006155 0.000522 0.998017 -0.062937 -0.006134 0.062939 0.997999
1413394908.405761 -0.023131 -0.022077 -0.001546 0.999954 0.005334 0.008023 -0.004931 0.998767 -0.049396 -0.008277 0.049354 0.998747
1413394908.455760 -0.021089 -0.014908 -0.004420 0.999871 0.012798 0.009699 -0.012399 0.999119 -0.040097 -0.010203 0.039972 0.999149
1413394908.505760 -0.120224 -0.098260 -0.019510 0.998666 0.038404 0.034511 -0.028680 0.968406 -0.247726 -0.042935 0.246406 0.968215
1413394908.555760 -0.019534 0.004001 -0.011038 0.999940 0.007375 0.008127 -0.007384 0.999972 0.001122 -0.008119 -0.001182 0.999966
1413394908.605761 -0.019887 0.014213 -0.015991 0.999922 -0.012454 0.000313 0.012430 0.999031 0.042232 -0.000839 -0.042224 0.999108
1413394908.655761 -0.019481 0.020247 -0.019191 0.999859 -0.016802 -0.000786 0.016817 0.997604 0.067115 -0.000343 -0.067118 0.997745
1413394908.705760 -0.080166 0.054995 -0.073309 0.999473 -0.031504 0.007814 0.029376 0.980337 0.195130 -0.013808 -0.194798 0.980746
1413394908.755760 -0.018247 0.025985 -0.022979 0.999896 -0.014399 -0.000415 0.014380 0.996069 0.087409 -0.000845 -0.087406 0.996172
1413394908.805760 -0.016637 0.023859 -0.021999 0.999977 -0.006437 0.002320 0.006257 0.997474 0.070758 -0.002769 -0.070742 0.997491
1413394908.855761 -0.014620 0.024415 -0.020750 0.999986 -0.004410 0.002818 0.004197 0.997440 0.071379 -0.003125 -0.071366 0.997445
1413394908.905761 -0.061056 0.093739 -0.085775 0.999720 -0.022045 0.008616 0.018713 0.959071 0.282547 -0.014492 -0.282307 0.959215
1413394908.955760 -0.010152 0.029461 -0.010669 0.999902 0.011584 0.007866 -0.011977 0.998580 0.051906 -0.007253 -0.051995 0.998621
1413394909.005760 -0.008322 0.029823 -0.004281 0.999703 0.022267 0.009878 -0.022511 0.999425 0.025367 -0.009307 -0.025582 0.999629
1413394909.055760 -0.007326 0.027153 0.002964 0.999778 0.019500 0.008014 -0.019396 0.999729 -0.012889 -0.008263 0.012731 0.999885
1413394909.105761 -0.006853 0.025694 0.010076 0.999811 0.018105 0.007075 -0.017766 0.998813 -0.045348 -0.007888 0.045214 0.998946
1413394909.155761 -0.031286 0.144825 0.013314 0.995224 0.089553 0.038843 -0.087556 0.994885 -0.050384 -0.043156 0.046742 0.997974
1413394909.205760 -0.009198 0.023445 0.007191 0.999961 0.005881 -0.006606 -0.006353 0.997246 -0.073894 0.006153 0.073933 0.997244
1413394909.255760 -0.009078 0.014367 0.016518 0.999902 0.006147 -0.012590 -0.007136 0.996763 -0.080073 0.012057 0.080155 0.996710
1413394909.305760 -0.010424 0.010961 0.017300 0.999829 0.006738 -0.017196 -0.007871 0.997745 -0.066658 0.016708 0.066782 0.997628
1413394909.355761 -0.011337 0.008661 0.016272 0.999654 0.016716 -0.020333 -0.017761 0.998472 -0.052334 0.019427 0.052677 0.998423
1413394909.405761 -0.057121 0.061370 0.099664 0.995298 0.039570 -0.088404 -0.064509 0.951655 -0.300317 0.072247 0.304608 0.949734
1413394909.455760 -0.014961 0.015412 0.007708 0.999496 0.020376 -0.024357 -0.020597 0.999748 -0.008884 0.024169 0.009381 0.999664
1413394909.505760 -0.016618 0.016308 0.004952 0.999455 0.021606 -0.024977 -0.021203 0.999642 0.016292 0.025320 -0.015754 0.999555
1413394909.555760 -0.017962 0.017631 0.001291 0.999458 0.024614 -0.021872 -0.023884 0.999168 0.033046 0.022667 -0.032506 0.999214
1413394909.605761 -0.019166 0.019977 -0.002146 0.999551 0.023043 -0.019164 -0.022222 0.998869 0.042037 0.020111 -0.041593 0.998932
1413394909.655761 -0.086417 0.096449 -0.000190 0.988449 0.110556 -0.103662 -0.096841 0.986890 0.129115 0.116578 -0.117585 0.986196
1413394909.705760 -0.022556 0.022773 -0.007191 0.999818 0.007256 -0.017640 -0.006468 0.998996 0.044327 0.017944 -0.044205 0.998861
1413394909.755760 -0.025202 0.023883 -0.008009 0.999858 -0.002422 -0.016664 0.003310 0.998563 0.053497 0.016510 -0.053545 0.998429
1413394909.805760 -0.027603 0.023365 -0.007541 0.999756 -0.014944 -0.016248 0.015782 0.998484 0.052729 0.015435 -0.052973 0.998477
1413394909.855761 -0.029132 0.023487 -0.005816 0.999801 -0.014726 -0.013490 0.015426 0.998459 0.053313 0.012684 -0.053511 0.998487
1413394909.905761 -0.135778 0.105398 -0.041623 0.996376 -0.030066 -0.079568 0.048026 0.970923 0.234525 0.070203 -0.237496 0.968848
1413394909.955760 -0.031204 0.017002 0.004264 0.999786 -0.018804 -0.008637 0.018849 0.999809 0.005107 0.008539 -0.005269 0.999950
1413394910.005760 -0.032376 0.012363 0.008885 0.999776 -0.019681 -0.007763 0.019400 0.999207 -0.034772 0.008441 0.034614 0.999365
1413394910.055760 -0.032330 0.009055 0.014193 0.999774 -0.020406 -0.005989 0.020077 0.998516 -0.050626 0.007013 0.050494 0.998700
1413394910.105761 -0.129586 0.035836 0.046822 0.997077 -0.072940 -0.022752 0.068959 0.987301 -0.143115 0.032902 0.141127 0.989445
1413394910.155761 -0.030785 0.001281 0.018120 0.999984 -0.005669 0.000450 0.005686 0.997930 -0.064057 -0.000086 0.064059 0.997946
1413394910.205760 -0.029246 -0.001416 0.017320 0.999995 0.000737 0.002925 -0.000549 0.997962 -0.063801 -0.002966 0.063799 0.997958
1413394910.255760 -0.028038 -0.003315 0.015319 0.999986 0.002440 0.004653 -0.002156 0.998186 -0.060164 -0.004792 0.060153 0.998178
1413394910.305760 -0.027088 -0.003572 0.011821 0.999988 0.002224 0.004433 -0.001991 0.998654 -0.051822 -0.004542 0.051813 0.998646
1413394910.355761 -0.141641 -0.024708 0.071692 0.999843 0.007103 0.016207 -0.002379 0.961546 -0.274634 -0.017534 0.274553 0.961412
1413394910.405761 -0.025775 -0.005489 0.003718 0.999978 0.003660 0.005481 -0.003486 0.999503 -0.031344 -0.005593 0.031324 0.999494
1413394910.455760 -0.025340 -0.003742 -0.002735 0.999995 -0.000150 0.003153 0.000217 0.999770 -0.021448 -0.003149 0.021449 0.999765
1413394910.505760 -0.025086 0.001190 -0.008354 0.999991 -0.003079 0.002913 0.003039 0.999906 0.013352 -0.002953 -0.013343 0.999907
1413394910.555760 -0.100698 -0.008524 -0.022447 0.999904 -0.006503 0.012204 0.006402 0.999945 0.008264 -0.012257 -0.008185 0.999891
1413394910.605761 -0.024474 0.004611 -0.018564 0.999957 -0.009309 -0.000288 0.009306 0.997498 0.070086 -0.000365 -0.070086 0.997541
1413394910.655761 -0.023360 0.006003 -0.022244 0.999995 -0.000123 0.003126 -0.000151 0.996157 0.087585 -0.003125 -0.087585 0.996152
1413394910.705760 -0.022591 0.003549 -0.022726 0.999992 -0.002063 0.003282 0.001784 0.996549 0.082989 -0.003442 -0.082983 0.996545
1413394910.755760 -0.021766 0.002133 -0.020911 0.999970 0.004909 0.006046 -0.005336 0.997341 0.072675 -0.005673 -0.072705 0.997337
1413394910.805760 -0.117288 0.000642 -0.100991 0.999678 0.001180 0.025356 -0.010372 0.930712 0.365606 -0.023168 -0.365751 0.930424
1413394910.855761 -0.021322 -0.001975 -0.009166 0.999876 0.013209 0.008580 -0.013535 0.999141 0.039160 -0.008055 -0.039272 0.999196
1413394910.905761 -0.022077 -0.002520 -0.004099 0.999892 0.012623 0.007508 -0.012816 0.999575 0.026195 -0.007174 -0.026289 0.999629
1413394910.955760 -0.022390 -0.002705 0.002903 0.999848 0.015211 0.008499 -0.015357 0.999732 0.017330 -0.008233 -0.017458 0.999814
1413394911.005760 -0.090350 -0.013392 -0.001939 0.997784 0.055038 0.037381 -0.057919 0.995032 0.080973 -0.032738 -0.082958 0.996015
1413394911.055760 -0.024798 -0.008856 0.016842 0.999915 0.011404 0.006259 -0.011152 0.999180 -0.038921 -0.006698 0.038848 0.999223
1413394911.105761 -0.027590 -0.014070 0.021915 0.999847 -0.017225 -0.003193 0.017020 0.998301 -0.055734 0.004148 0.055671 0.998441
1413394911.155761 -0.028852 -0.019159 0.025088 0.999791 -0.019659 -0.005529 0.019185 0.996956 -0.075571 0.006998 0.075449 0.997125
1413394911.205760 -0.029145 -0.022327 0.025793 0.999751 -0.021380 -0.006424 0.020812 0.996714 -0.078283 0.008076 0.078130 0.996910
1413394911.255760 -0.137848 -0.111919 0.100801 0.997960 -0.063710 -0.004027 0.059246 0.947825 -0.313237 0.023773 0.312360 0.949666
1413394911.305760 -0.028510 -0.027798 0.022204 0.999943 -0.008637 -0.006337 0.008250 0.998238 -0.058762 0.006833 0.058706 0.998252
1413394911.355761 -0.028301 -0.028837 0.016918 0.999931 -0.008524 -0.008091 0.008103 0.998681 -0.050709 0.008513 0.050640 0.998681
1413394911.405761 -0.027163 -0.026822 0.011555 0.999980 -0.002617 -0.005742 0.002411 0.999367 -0.035492 0.005831 0.035478 0.999353
1413394911.455760 -0.026093 -0.024618 0.005647 0.999983 -0.002436 -0.005339 0.002324 0.999779 -0.020893 0.005389 0.020880 0.999767
1413394911.505760 -0.134767 -0.137171 0.044186 0.999196 -0.027478 -0.029178 0.021842 0.983708 -0.178443 0.033606 0.177662 0.983518
1413394911.555760 -0.022599 -0.020543 -0.005640 0.999979 0.002044 -0.006178 -0.001978 0.999941 0.010639 0.006199 -0.010627 0.999924
1413394911.605761 -0.021657 -0.016941 -0.010386 0.999966 0.005156 -0.006398 -0.004928 0.999370 0.035152 0.006575 -0.035119 0.999361
1413394911.655761 -0.020600 -0.013855 -0.014461 0.999958 0.004532 -0.007948 -0.004075 0.998391 0.056564 0.008192 -0.056529 0.998367
1413394911.705760 -0.019398 -0.011188 -0.016153 0.999950 0.005746 -0.008145 -0.005116 0.997149 0.075287 0.008554 -0.075242 0.997129
1413394911.755760 -0.102323 -0.078626 -0.053333 0.999179 0.025707 -0.031305 -0.016935 0.967141 0.253675 0.036798 -0.252937 0.966783
1413394911.805760 -0.016479 -0.009539 -0.012751 0.999978 0.001318 -0.006544 -0.000855 0.997531 0.070215 0.006620 -0.070208 0.997510
1413394911.855761 -0.015327 -0.008852 -0.006915 0.999975 0.003406 -0.006268 -0.003016 0.998116 0.061280 0.006465 -0.061259 0.998101
1413394911.905761 -0.014185 -0.008289 -0.000759 0.999991 0.001715 -0.004003 -0.001563 0.999292 0.037593 0.004064 -0.037586 0.999285
1413394911.955760 -0.013146 -0.008963 0.004205 0.999980 -0.003130 -0.005439 0.003126 0.999995 -0.000707 0.005441 0.000690 0.999985
1413394912.005760 -0.069401 -0.041979 -0.004289 0.999618 0.005964 -0.026974 -0.002278 0.990885 0.134692 0.027532 -0.134579 0.990520
1413394912.055760 -0.010836 -0.006223 0.010516 0.999994 -0.001252 -0.003158 0.001067 0.998320 -0.057929 0.003226 0.057925 0.998316
1413394912.105761 -0.008825 -0.008025 0.015986 0.999991 -0.000978 -0.004132 0.000679 0.997413 -0.071876 0.004192 0.071873 0.997405
1413394912.155761 -0.007925 -0.008145 0.017031 0.999975 -0.000621 -0.007078 0.000141 0.997709 -0.067655 0.007104 0.067653 0.997684
1413394912.205760 -0.007300 -0.007172 0.015961 0.999945 0.002048 -0.010320 -0.002614 0.998473 -0.055177 0.010191 0.055201 0.998423
1413394912.255760 -0.046651 -0.041742 0.074551 0.999223 -0.006247 -0.038907 -0.005365 0.956592 -0.291382 0.039039 0.291364 0.955815
1413394912.305760 -0.006394 -0.001201 0.009346 0.999847 0.005002 -0.016752 -0.005491 0.999557 -0.029247 0.016599 0.029334 0.999432
1413394912.355761 -0.005212 0.000648 0.006287 0.999788 0.005404 -0.019858 -0.005748 0.999833 -0.017321 0.019761 0.017431 0.999653
1413394912.405761 -0.003562 0.004286 0.002336 0.999662 0.016333 -0.020246 -0.016555 0.999804 -0.010863 0.020065 0.011195 0.999736
1413394912.455760 -0.001979 0.009206 -0.002025 0.999580 0.020670 -0.020319 -0.020730 0.999781 -0.002760 0.020258 0.003180 0.999790
1413394912.505760 -0.018316 0.027470 0.014001 0.992757 0.064155 -0.101580 -0.069188 0.996504 -0.046822 0.098221 0.053511 0.993725
1413394912.555760 0.001441 0.016609 -0.007517 0.999446 0.027255 -0.019089 -0.026824 0.999387 0.022498 0.019690 -0.021973 0.999565
1413394912.605761 0.002294 0.019065 -0.010776 0.999459 0.025859 -0.020313 -0.025232 0.999215 0.030556 0.021087 -0.030027 0.999327
1413394912.655761 0.003080 0.021139 -0.013637 0.999399 0.027914 -0.020553 -0.027192 0.999032 0.034590 0.021498 -0.034011 0.999190
1413394912.705760 0.003867 0.020817 -0.015185 0.999515 0.025242 -0.018252 -0.024762 0.999353 0.026071 0.018898 -0.025606 0.999493
1413394912.755760 0.019139 0.095767 -0.070974 0.987046 0.132222 -0.090873 -0.118914 0.983145 0.138874 0.107703 -0.126269 0.986132
1413394912.805760 0.004529 0.019743 -0.015960 0.999633 0.020290 -0.017972 -0.020039 0.999701 0.014024 0.018251 -0.013658 0.999740
1413394912.855761 0.004038 0.020228 -0.017002 0.999821 0.012845 -0.013917 -0.012725 0.999881 0.008669 0.014027 -0.008491 0.999866
1413394912.905761 0.002956 0.019762 -0.017770 0.999882 0.002977 -0.015101 -0.002902 0.999984 0.004952 0.015116 -0.004908 0.999874
1413394912.955760 0.001521 0.018773 -0.018350 0.999773 -0.011619 -0.017835 0.011615 0.999932 -0.000302 0.017837 0.000095 0.999841
1413394913.005760 0.000779 0.019241 -0.018807 0.999777 -0.015141 -0.014728 0.015167 0.999884 0.001698 0.014700 -0.001921 0.999890
1413394913.055760 0.012033 0.097218 -0.092066 0.996845 -0.024487 -0.075503 0.025636 0.999569 0.014278 0.075121 -0.016169 0.997043
1413394913.105761 0.002180 0.018774 -0.017995 0.999854 -0.013694 -0.010176 0.013707 0.999905 0.001256 0.010158 -0.001395 0.999947
1413394913.155761 0.002799 0.019667 -0.017754 0.999939 -0.010431 -0.003585 0.010435 0.999945 0.000999 0.003574 -0.001036 0.999993
1413394913.205760 0.004132 0.019893 -0.017611 0.999961 -0.008286 0.003163 0.008283 0.999965 0.000987 -0.003171 -0.000961 0.999995
1413394913.255760 0.005458 0.020348 -0.017013 0.999905 -0.009344 0.010109 0.009318 0.999953 0.002583 -0.010133 -0.002489 0.999946
1413394913.305760 0.018702 0.098651 -0.088998 0.998601 -0.049844 0.017668 0.049592 0.998665 0.014461 -0.018365 -0.013565 0.999739
1413394913.355761 0.008323 0.020324 -0.015504 0.999672 -0.010131 0.023503 0.009804 0.999854 0.013982 -0.023641 -0.013747 0.999626
1413394913.405761 0.009333 0.020272 -0.015481 0.999506 -0.013097 0.028567 0.012855 0.999880 0.008629 -0.028677 -0.008258 0.999555
1413394913.455760 0.010423 0.017813 -0.015545 0.999306 -0.017052 0.033111 0.016824 0.999833 0.007159 -0.033228 -0.006597 0.999426
1413394913.505760 0.011023 0.014796 -0.015467 0.999138 -0.022232 0.035045 0.021985 0.999731 0.007393 -0.035200 -0.006617 0.999358
1413394913.555760 0.011633 0.012105 -0.015790 0.998927 -0.029577 0.035629 0.029395 0.999552 0.005619 -0.035779 -0.004565 0.999349
1413394913.605761 0.045949 0.072288 -0.082954 0.979259 -0.115309 0.166598 0.109574 0.993037 0.043246 -0.170424 -0.024094 0.985076
1413394913.655761 0.015217 0.005486 -0.014793 0.998710 -0.033081 0.038532 0.032976 0.999451 0.003352 -0.038622 -0.002077 0.999252
1413394913.705760 0.017256 0.003468 -0.015823 0.998770 -0.026508 0.041891 0.026735 0.999631 -0.004872 -0.041747 0.005986 0.999110
1413394913.755760 0.020072 0.001012 -0.016364 0.998777 -0.019812 0.045307 0.020308 0.999739 -0.010510 -0.045087 0.011417 0.998918
1413394913.805760 0.022735 -0.000353 -0.017389 0.998734 -0.010042 0.049293 0.010525 0.999899 -0.009544 -0.049193 0.010051 0.998739
1413394913.855761 0.024718 -0.002151 -0.019713 0.998686 -0.001052 0.051236 0.001549 0.999952 -0.009668 -0.051224 0.009734 0.998640
1413394913.905761 0.102935 -0.002422 -0.101083 0.970510 -0.049188 0.235988 0.060061 0.997428 -0.039106 -0.233458 0.052127 0.970969
1413394913.955760 0.027003 -0.005619 -0.025160 0.998733 0.004726 0.050095 -0.004671 0.999988 -0.001216 -0.050101 0.000980 0.998744
1413394914.005760 0.027058 -0.007173 -0.027408 0.998859 0.002627 0.047687 -0.002683 0.999996 0.001118 -0.047684 -0.001245 0.998862
1413394914.055760 0.026637 -0.008691 -0.029985 0.999056 -0.003946 0.043273 0.003806 0.999987 0.003315 -0.043285 -0.003147 0.999058
1413394914.105761 0.026051 -0.008410 -0.031970 0.999075 -0.010187 0.041787 0.009953 0.999934 0.005820 -0.041843 -0.005398 0.999110
1413394914.155761 0.025137 -0.006431 -0.032835 0.999079 -0.019069 0.038428 0.018858 0.999805 0.005846 -0.038532 -0.005116 0.999244
1413394914.205760 0.024353 -0.002540 -0.033267 0.999045 -0.024292 0.036306 0.024005 0.999677 0.008310 -0.036496 -0.007430 0.999306
1413394914.255760 0.117537 -0.023852 -0.168414 0.977555 -0.085509 0.192545 0.079786 0.996114 0.037296 -0.194986 -0.021096 0.980579
1413394914.305760 0.024586 0.005055 -0.032555 0.999033 -0.023509 0.037165 0.023224 0.999698 0.008094 -0.037344 -0.007223 0.999276
1413394914.355761 0.024964 0.008791 -0.032684 0.999076 -0.024984 0.034973 0.024771 0.999672 0.006522 -0.035124 -0.005650 0.999367
1413394914.405761 0.025265 0.014355 -0.032586 0.999118 -0.023204 0.034993 0.022976 0.999712 0.006893 -0.035143 -0.006083 0.999364
1413394914.455760 0.025391 0.018465 -0.032440 0.999220 -0.018808 0.034735 0.018633 0.999812 0.005367 -0.034830 -0.004715 0.999382
1413394914.505760 0.025657 0.023206 -0.032829 0.999332 -0.019327 0.031003 0.019092 0.999787 0.007878 -0.031149 -0.007281 0.999488
1413394914.555760 0.026657 0.026175 -0.033145 0.999461 -0.006840 0.032108 0.006839 0.999977 0.000145 -0.032108 0.000075 0.999484
1413394914.605761 0.138595 0.121274 -0.207885 0.976528 -0.088030 0.196579 0.083009 0.995980 0.033654 -0.198751 -0.016547 0.979910
1413394914.655761 0.029672 0.022655 -0.033119 0.999490 0.009347 0.030551 -0.009417 0.999953 0.002128 -0.030530 -0.002414 0.999531
1413394914.705760 0.030268 0.019966 -0.036079 0.999640 0.004290 0.026467 -0.004378 0.999985 0.003255 -0.026453 -0.003369 0.999644
1413394914.755760 0.030636 0.017816 -0.038276 0.999598 0.008473 0.027054 -0.008527 0.999962 0.001868 -0.027037 -0.002098 0.999632
1413394914.805760 0.030294 0.015214 -0.039670 0.999675 0.001441 0.025459 -0.001506 0.999996 0.002553 -0.025455 -0.002590 0.999673
1413394914.855761 0.029598 0.013076 -0.041721 0.999752 -0.002769 0.022093 0.002771 0.999996 -0.000051 -0.022092 0.000112 0.999756
1413394914.905761 0.028527 0.010643 -0.042965 0.999756 -0.012439 0.018273 0.012370 0.999916 0.003868 -0.018320 -0.003641 0.999826
1413394914.955760 0.028363 0.007306 -0.043696 0.999727 -0.014072 0.018644 0.013970 0.999887 0.005568 -0.018720 -0.005306 0.999811
1413394915.005760 0.187956 0.083081 -0.293862 0.987203 -0.039057 0.154609 0.034594 0.998906 0.031451 -0.155668 -0.025700 0.987475
1413394915.055760 0.033549 -0.003814 -0.041337 0.999516 -0.025815 0.017347 0.025597 0.999592 0.012700 -0.017668 -0.012250 0.999769
1413394915.105761 0.033395 -0.001471 -0.042050 0.999414 -0.026944 0.021121 0.026709 0.999579 0.011331 -0.021417 -0.010760 0.999713
1413394915.155761 0.033881 0.000722 -0.042143 0.999306 -0.028216 0.024308 0.028127 0.999596 0.003985 -0.024410 -0.003298 0.999697
1413394915.205760 0.035056 0.003179 -0.042039 0.999218 -0.030396 0.025270 0.030269 0.999527 0.005419 -0.025423 -0.004650 0.999666
1413394915.255760 0.160777 0.018902 -0.219579 0.983541 -0.140203 0.113973 0.136436 0.989831 0.040243 -0.118457 -0.024031 0.992668
1413394915.305760 0.040724 0.008037 -0.040140 0.999238 -0.024717 0.030213 0.024531 0.999678 0.006502 -0.030364 -0.005755 0.999522
1413394915.355761 0.043006 0.009494 -0.039650 0.999298 -0.022861 0.029667 0.022646 0.999715 0.007566 -0.029832 -0.006889 0.999531
1413394915.405761 0.045792 0.011636 -0.039392 0.999276 -0.019098 0.032897 0.018758 0.999768 0.010615 -0.033092 -0.009991 0.999402
1413394915.455760 0.048348 0.013339 -0.039497 0.999335 -0.018624 0.031348 0.018290 0.999773 0.010906 -0.031544 -0.010326 0.999449
1413394915.505760 0.051573 0.014977 -0.039140 0.999355 -0.015605 0.032353 0.015186 0.999798 0.013147 -0.032552 -0.012647 0.999390
1413394915.555760 0.055306 0.017033 -0.039210 0.999169 -0.002603 0.040683 0.001878 0.999839 0.017868 -0.040723 -0.017777 0.999012
1413394915.605761 0.279551 0.076355 -0.265996 0.974764 -0.069376 0.212182 0.053406 0.995355 0.080099 -0.216753 -0.066746 0.973942
1413394915.655761 0.061694 0.015871 -0.042168 0.998357 0.022176 0.052828 -0.023195 0.999555 0.018746 -0.052388 -0.019941 0.998428
1413394915.705760 0.062671 0.013751 -0.042541 0.998178 0.021322 0.056445 -0.022356 0.999593 0.017740 -0.056044 -0.018969 0.998248
1413394915.755760 0.062311 0.011069 -0.043026 0.998331 0.015240 0.055701 -0.016116 0.999753 0.015307 -0.055454 -0.016179 0.998330
1413394915.805760 0.060814 0.010181 -0.042769 0.998734 0.001836 0.050272 -0.003002 0.999728 0.023124 -0.050216 -0.023246 0.998468
1413394915.855761 0.059851 0.009108 -0.041902 0.998732 -0.000982 0.050323 -0.000286 0.999682 0.025200 -0.050332 -0.025182 0.998415
1413394915.905761 0.057732 0.008292 -0.040609 0.998938 -0.005977 0.045683 0.005033 0.999772 0.020758 -0.045797 -0.020506 0.998740
1413394915.955760 0.324577 0.053012 -0.294134 0.955134 0.007665 0.296075 -0.043623 0.992403 0.115033 -0.292944 -0.122787 0.948212
1413394916.005760 0.054186 0.008440 -0.038008 0.999048 -0.004863 0.043360 0.004484 0.999951 0.008843 -0.043401 -0.008640 0.999020
1413394916.055760 0.052695 0.007974 -0.035605 0.999247 -0.005033 0.038476 0.004832 0.999974 0.005312 -0.038502 -0.005122 0.999245
1413394916.105761 0.051607 0.008045 -0.032611 0.999318 -0.000051 0.036920 -0.000212 0.999975 0.007131 -0.036920 -0.007134 0.999293
1413394916.155761 0.050828 0.007331 -0.029131 0.999412 -0.005312 0.033886 0.005558 0.999959 -0.007163 -0.033847 0.007347 0.999400
1413394916.205760 0.050248 0.006220 -0.026668 0.999516 -0.003189 0.030948 0.003921 0.999714 -0.023609 -0.030864 0.023719 0.999242
1413394916.255760 0.286973 0.059634 -0.209655 0.976962 -0.024391 0.212016 0.032154 0.998930 -0.033247 -0.210978 0.039298 0.976701
1413394916.305760 0.047870 0.008717 -0.022621 0.999482 -0.004969 0.031810 0.006024 0.999432 -0.033163 -0.031627 0.033337 0.998944
1413394916.355761 0.048146 0.009209 -0.021662 0.999415 0.006996 0.033485 -0.006185 0.999686 -0.024267 -0.033644 0.024045 0.999145
1413394916.405761 0.047406 0.008259 -0.021740 0.999221 0.015469 0.036300 -0.014715 0.999672 -0.020957 -0.036612 0.020407 0.999121
1413394916.455760 0.046269 0.005480 -0.022379 0.998806 0.025909 0.041416 -0.025164 0.999514 -0.018398 -0.041873 0.017334 0.998973
1413394916.505760 0.043727 0.002815 -0.023998 0.998830 0.024618 0.041634 -0.024036 0.999607 -0.014412 -0.041972 0.013394 0.999029
1413394916.555760 0.257380 0.027013 -0.167342 0.970067 0.109667 0.216663 -0.083960 0.988660 -0.124510 -0.227861 0.102592 0.968274
1413394916.605761 0.034945 -0.001508 -0.028047 0.998178 0.033347 0.050294 -0.033614 0.999425 0.004480 -0.050116 -0.006163 0.998724
1413394916.655761 0.028216 -0.005137 -0.030464 0.998564 0.025962 0.046859 -0.026275 0.999636 0.006081 -0.046684 -0.007304 0.998883
1413394916.705760 0.020901 -0.009279 -0.030904 0.998877 0.007906 0.046712 -0.007580 0.999946 -0.007137 -0.046766 0.006775 0.998883
1413394916.755760 0.013658 -0.011079 -0.031298 0.999007 -0.013744 0.042369 0.014201 0.999844 -0.010497 -0.042218 0.011088 0.999047
1413394916.855761 0.082886 -0.039678 -0.200537 0.966168 0.002337 0.257903 0.006096 0.999473 -0.031895 -0.257841 0.032388 0.965644
1413394916.955760 -0.019553 -0.032393 -0.059781 0.995030 -0.066226 0.074354 0.069864 0.996428 -0.047433 -0.070947 0.052392 0.996103
1413394917.055760 -0.036242 -0.037158 -0.061275 0.992375 -0.105954 0.062968 0.107875 0.993772 -0.027927 -0.059617 0.034507 0.997625
1413394917.155761 -0.106922 -0.109036 -0.175830 0.943316 -0.247715 0.220887 0.271195 0.958963 -0.082724 -0.191331 0.137938 0.971785
1413394917.255760 -0.048416 -0.032598 -0.058950 0.994319 -0.079295 0.071005 0.081191 0.996404 -0.024214 -0.068830 0.029841 0.997182
1413394917.355761 -0.100156 -0.063295 -0.118967 0.981931 -0.132375 0.135234 0.137765 0.989971 -0.031268 -0.129739 0.049333 0.990320
1413394917.455760 -0.048012 -0.018706 -0.069083 0.998353 -0.028578 0.049743 0.028769 0.999581 -0.003143 -0.049633 0.004569 0.998757
1413394917.555760 -0.045786 -0.012558 -0.078417 0.999036 -0.036882 0.023797 0.036396 0.999126 0.020579 -0.024536 -0.019693 0.999505
1413394917.655761 -0.083211 -0.019119 -0.170477 0.996943 -0.072699 0.028615 0.071310 0.996351 0.046903 -0.031920 -0.044720 0.998489
1413394917.755760 -0.029219 0.008200 -0.097548 0.999765 -0.021524 -0.002638 0.021566 0.999615 0.017434 0.002262 -0.017487 0.999845
1413394917.855761 -0.016945 0.019341 -0.098624 0.999024 -0.042451 -0.012200 0.042680 0.998904 0.019215 0.011371 -0.019717 0.999741
1413394917.955760 -0.000390 0.031615 -0.099192 0.999246 -0.038481 0.005236 0.038452 0.999245 0.005521 -0.005445 -0.005315 0.999971
1413394918.055760 -0.003995 0.087767 -0.294173 0.995748 -0.090463 0.017380 0.089996 0.995603 0.025974 -0.019653 -0.024300 0.999512
1413394918.155761 0.037475 0.033875 -0.103168 0.997141 0.049978 0.056678 -0.049998 0.998749 -0.001067 -0.056661 -0.001770 0.998392
1413394918.255760 0.083210 0.063667 -0.210440 0.987558 0.101442 0.120158 -0.101968 0.994786 -0.001779 -0.119712 -0.010495 0.992753
1413394918.355761 0.048459 0.033547 -0.110655 0.995171 0.067679 0.071094 -0.066524 0.997613 -0.018494 -0.072176 0.013676 0.997298
1413394918.455760 0.084155 0.068707 -0.228134 0.984155 0.115861 0.134220 -0.112828 0.993161 -0.030016 -0.136779 0.014397 0.990497
1413394918.555760 0.022861 0.039557 -0.120281 0.998605 0.000721 0.052795 -0.001016 0.999984 0.005556 -0.052790 -0.005602 0.998590
1413394918.655761 0.023185 0.081335 -0.243128 0.994527 -0.040714 0.096223 0.039752 0.999139 0.011885 -0.096624 -0.007995 0.995289
1413394918.755760 -0.012135 0.041404 -0.123121 0.997247 -0.066019 0.033748 0.065780 0.997801 0.008151 -0.034212 -0.005908 0.999397
1413394918.855761 -0.039608 0.078669 -0.246040 0.988904 -0.136651 0.058270 0.134734 0.990240 0.035657 -0.062574 -0.027411 0.997664
1413394918.955760 -0.026796 0.044595 -0.119641 0.998341 -0.052846 0.022850 0.051728 0.997552 0.047052 -0.025280 -0.045792 0.998631
1413394919.055760 -0.055433 0.093919 -0.225515 0.995813 -0.064309 0.064973 0.058479 0.994406 0.087957 -0.070266 -0.083789 0.994003
1413394919.155761 -0.021805 0.065110 -0.091465 0.998660 0.004059 0.051585 -0.005686 0.999490 0.031431 -0.051431 -0.031682 0.998174
1413394919.255760 -0.049041 0.136181 -0.164652 0.993749 -0.000815 0.111630 -0.006219 0.998016 0.062650 -0.111460 -0.062953 0.991773
1413394919.355761 -0.023878 0.075585 -0.056617 0.997847 -0.032907 0.056723 0.031196 0.999039 0.030780 -0.057682 -0.028944 0.997915
1413394919.455760 -0.059231 0.147299 -0.098761 0.990298 -0.091334 0.104727 0.085748 0.994704 0.056658 -0.109347 -0.047129 0.992886
1413394919.555760 -0.020801 0.068674 -0.019723 0.997055 -0.055016 0.053421 0.056458 0.998070 -0.025868 -0.051895 0.028807 0.998237
1413394919.655761 -0.033670 0.132157 -0.019099 0.990855 -0.056594 0.122486 0.067319 0.994081 -0.085266 -0.116935 0.092731 0.988801
1413394919.755760 0.006675 0.054517 0.003981 0.996654 0.026540 0.077306 -0.022391 0.998287 -0.054046 -0.078608 0.052134 0.995541
1413394919.855761 0.025511 0.100567 0.009252 0.985837 0.064094 0.154977 -0.047593 0.993018 -0.107935 -0.160813 0.099030 0.982004
1413394919.955760 0.019294 0.041731 -0.008055 0.997160 0.002416 0.075272 0.000070 0.999455 -0.033013 -0.075311 0.032925 0.996616
1413394920.055760 0.016467 0.036142 -0.019509 0.996656 -0.022518 0.078550 0.024185 0.999501 -0.020334 -0.078053 0.022166 0.996703
1413394920.155761 0.024448 0.067919 -0.054314 0.986125 -0.049866 0.158340 0.055879 0.997867 -0.033756 -0.156319 0.042135 0.986807
1413394920.255760 0.002962 0.023794 -0.049127 0.996208 -0.044821 0.074568 0.045803 0.998884 -0.011507 -0.073969 0.014879 0.997150
1413394920.355761 -0.004762 0.041992 -0.111422 0.984988 -0.108468 0.134290 0.108068 0.994090 0.010289 -0.134612 0.004377 0.990889
1413394920.455760 -0.007771 0.019381 -0.074033 0.996880 -0.062665 0.047985 0.061343 0.997709 0.028538 -0.049663 -0.025505 0.998440
1413394920.555760 -0.007885 0.022547 -0.081454 0.997376 -0.063050 0.035575 0.061999 0.997628 0.029921 -0.037377 -0.027637 0.998919
1413394920.655761 -0.003851 0.026133 -0.085953 0.998040 -0.060238 0.016931 0.059912 0.998020 0.019146 -0.018051 -0.018094 0.999673
1413394920.755760 0.000251 0.054807 -0.173849 0.994878 -0.097853 0.025330 0.097215 0.994942 0.025287 -0.027676 -0.022695 0.999359
1413394920.855761 0.022026 0.036654 -0.088271 0.999897 0.006792 0.012675 -0.006681 0.999939 -0.008761 -0.012734 0.008676 0.999881
1413394920.955760 0.037245 0.036089 -0.092797 0.999832 0.017689 0.004748 -0.017661 0.999828 -0.005705 -0.004848 0.005620 0.999972
1413394921.055760 0.087538 0.067033 -0.190606 0.998379 0.056329 0.008141 -0.056217 0.998329 -0.013378 -0.008881 0.012898 0.999877
1413394921.155761 0.060718 0.025483 -0.105605 0.998554 0.053630 0.003804 -0.053690 0.998400 0.017721 -0.002847 -0.017899 0.999836
1413394921.255760 0.125678 0.035114 -0.218933 0.993207 0.116119 0.007510 -0.116299 0.992717 0.031433 -0.003805 -0.032093 0.999478
1413394921.355761 0.061504 0.000466 -0.118977 0.995148 0.097694 0.011648 -0.097564 0.995165 -0.011290 -0.012694 0.010099 0.999868
1413394921.455760 0.106868 -0.007560 -0.247455 0.982797 0.183872 0.017365 -0.183312 0.982606 -0.029700 -0.022524 0.026006 0.999408
1413394921.555760 0.026759 -0.010649 -0.135240 0.999806 0.004912 -0.019098 -0.005212 0.999863 -0.015703 0.019018 0.015800 0.999694
1413394921.655761 0.044836 -0.020284 -0.277296 0.995258 -0.074363 -0.062709 0.074669 0.997205 0.002557 0.062344 -0.007227 0.998029
1413394921.755760 0.007384 -0.009673 -0.146274 0.995027 -0.090276 -0.042086 0.091779 0.995155 0.035251 0.038700 -0.038938 0.998492
1413394921.855761 0.015872 -0.023669 -0.289549 0.988520 -0.141528 -0.052900 0.145398 0.986267 0.078338 0.041087 -0.085130 0.995522
1413394921.955760 0.011692 -0.006451 -0.138424 0.999269 0.005098 0.037877 -0.007483 0.997979 0.063098 -0.037479 -0.063335 0.997288
1413394922.055760 0.008000 -0.013384 -0.263449 0.994239 0.026668 0.103819 -0.036956 0.994453 0.098473 -0.100617 -0.101743 0.989709
1413394922.155761 -0.002343 0.008793 -0.107508 0.997575 -0.007842 0.069158 0.007521 0.999960 0.004906 -0.069193 -0.004374 0.997594
1413394922.255760 -0.021274 0.031337 -0.193753 0.990511 -0.041372 0.131056 0.046331 0.998312 -0.035020 -0.129386 0.040759 0.990756
1413394922.355761 -0.019672 0.033418 -0.071946 0.996851 -0.063648 0.047292 0.066047 0.996510 -0.051038 -0.043879 0.054001 0.997576
1413394922.455760 -0.046094 0.085417 -0.130246 0.989883 -0.114628 0.083620 0.120889 0.989897 -0.074091 -0.074283 0.083450 0.993739
1413394922.555760 -0.015978 0.075753 -0.053522 0.999382 -0.002352 0.035071 0.002863 0.999891 -0.014515 -0.035033 0.014606 0.999279
1413394922.655761 -0.020212 0.161902 -0.102315 0.996997 0.032728 0.070190 -0.031285 0.999278 -0.021568 -0.070845 0.019307 0.997300
1413394922.755760 -0.002833 0.085263 -0.052024 0.999426 0.024839 0.023019 -0.024428 0.999539 -0.018009 -0.023455 0.017436 0.999573
1413394922.855761 -0.004271 0.172071 -0.102823 0.998754 0.036281 0.034279 -0.034787 0.998459 -0.043242 -0.035795 0.041995 0.998476
